1 2 -0.684240635197 
2 3 -0.911148610398 
3 4 -1.493186875464 
4 5 0.123965848096 
5 6 0.166305080129 
6 7 1.900323252309 
7 8 -0.271189702648 
8 9 0.387149739764 
9 10 -1.350954723220 
10 11 0.067371921153 
11 12 1.919540675188 
12 13 1.564104759991 
13 14 1.479127007123 
14 15 0.355324337762 
15 16 -1.632426675432 
16 17 -1.857563597967 
17 18 -1.996389622007 
18 19 -0.693457946722 
19 20 1.773247821711 
20 21 -0.654556497310 
21 22 0.652711678407 
22 23 0.771249207653 
23 24 1.002186598659 
24 25 -0.089017510536 
25 26 1.317676306016 
26 27 -1.787206267734 
27 28 0.170403954110 
28 29 0.160068973746 
29 30 0.821529956214 
30 31 0.343751592589 
31 32 -1.916379209687 
33 34 0.907055537240 
34 35 -0.873855928829 
35 36 1.240513605286 
36 37 -0.277119368313 
37 38 0.137546771046 
38 39 -1.574087955186 
39 40 0.524580373292 
40 41 0.824267580045 
41 42 -1.502028117143 
42 43 0.611617847577 
43 44 -1.883356577778 
44 45 -1.228613361297 
45 46 -1.895874868397 
46 47 0.380164000317 
47 48 -1.989052052929 
48 49 0.742748368671 
49 50 1.974871915424 
50 51 1.211800660631 
51 52 -0.785898315396 
52 53 0.555648237197 
53 54 1.609034780993 
54 55 -0.605435344871 
55 56 0.484254563986 
56 57 -0.132134117315 
57 58 1.711482425603 
58 59 -0.190524911646 
59 60 -1.507248316424 
60 61 0.720838923018 
61 62 1.810992196974 
62 63 0.274748110750 
63 64 1.139621330610 
65 66 -0.047025374038 
66 67 1.794706568826 
67 68 0.077849714369 
68 69 -1.979867838634 
69 70 0.671425782905 
70 71 -1.113296297736 
71 72 -0.309525903085 
72 73 -0.745212378449 
73 74 -0.720333725166 
74 75 -0.748616838741 
75 76 -0.352775113495 
76 77 0.174812575327 
77 78 0.787711982190 
78 79 -1.276027473052 
79 80 -1.631282742320 
80 81 0.896485587500 
81 82 1.082368024494 
82 83 0.692297915050 
83 84 -0.028818852102 
84 85 -0.405556636412 
85 86 -0.979418454646 
86 87 1.587107705562 
87 88 -1.424991254484 
88 89 0.808574769255 
89 90 -0.057767592406 
90 91 0.745541191153 
91 92 0.502715327836 
92 93 -1.860933925130 
93 94 -1.873365416904 
94 95 -1.655714408176 
95 96 -1.345848740021 
97 98 -0.630798587775 
98 99 -0.149464925528 
99 100 1.374601316498 
100 101 -1.425596408632 
101 102 1.787429834663 
102 103 1.139843867952 
103 104 1.000435583760 
104 105 0.956424882417 
105 106 0.365545132542 
106 107 -1.705038103620 
107 108 -0.534097354012 
108 109 0.706415346890 
109 110 -0.157624036653 
110 111 1.714602566283 
111 112 -1.515019117119 
112 113 -1.502887125074 
113 114 -0.953918127913 
114 115 -0.927686580493 
115 116 -0.474379684434 
116 117 0.894678930820 
117 118 1.625339212640 
118 119 -0.589750062867 
119 120 -1.796701229620 
120 121 0.302701939512 
121 122 -1.087631200849 
122 123 1.912560618793 
123 124 -1.438171315754 
124 125 -1.202557467037 
125 126 1.910052224522 
126 127 0.848596899110 
127 128 -1.244489073207 
129 130 0.729697584664 
130 131 -1.126800710039 
131 132 -0.276305867048 
132 133 -0.896203242953 
133 134 1.743033618115 
134 135 0.440710772041 
135 136 -1.165973886537 
136 137 1.694233072567 
137 138 0.490154580412 
138 139 0.033220513755 
139 140 0.279022315551 
140 141 -1.553700301562 
141 142 0.365193538243 
142 143 -1.161050588785 
143 144 1.608023753681 
144 145 0.327251317143 
145 146 -0.812190392050 
146 147 -1.928571263393 
147 148 0.658951243047 
148 149 -1.279972612653 
149 150 0.988540447020 
150 151 1.387026109242 
151 152 0.237264839246 
152 153 0.049022099565 
153 154 1.748527785703 
154 155 -0.100619099404 
155 156 -1.102391570995 
156 157 1.428303842466 
157 158 -0.403032916490 
158 159 -1.024735004693 
159 160 -1.836615904818 
161 162 0.490805189440 
162 163 1.009141638643 
163 164 1.787236174655 
164 165 0.739769137748 
165 166 -1.202530012171 
166 167 -1.212674681215 
167 168 1.359043754730 
168 169 -1.711397746525 
169 170 -1.676221108374 
170 171 1.404071301157 
171 172 -0.025027840413 
172 173 -1.307421383727 
173 174 -0.889537725745 
174 175 0.868740399567 
175 176 1.632054094138 
176 177 -1.949322201127 
177 178 1.425600373278 
178 179 -0.024828165498 
179 180 1.348102956146 
180 181 0.066525059553 
181 182 -1.255780144713 
182 183 -0.345668930694 
183 184 -1.343401587347 
184 185 1.856408205122 
185 186 -0.732319186361 
186 187 -0.754833897952 
187 188 -0.416590795468 
188 189 -0.057904902698 
189 190 -1.387425712064 
190 191 -0.358002713575 
191 192 1.032831164645 
193 194 -1.008929940628 
194 195 -1.118703254652 
195 196 -1.196083786377 
196 197 1.915685492299 
197 198 -1.729976273172 
198 199 1.078681611887 
199 200 -0.008375185713 
200 201 -0.422629624078 
201 202 -1.081242010279 
202 203 -0.866370600532 
203 204 -0.425866705577 
204 205 -0.084947608621 
205 206 -1.227426996529 
206 207 1.974294289877 
207 208 1.355154936544 
208 209 1.208703242382 
209 210 -0.909892680664 
210 211 -1.742716805756 
211 212 -0.506488168410 
212 213 0.397619641683 
213 214 -0.872731796793 
214 215 -0.036951883125 
215 216 1.593260346057 
216 217 0.498893580257 
217 218 -1.749170909281 
218 219 0.781550366037 
219 220 0.418314485961 
220 221 -0.835161110719 
221 222 1.520502494395 
222 223 1.201459318543 
223 224 -0.730336182915 
225 226 1.281531397769 
226 227 0.698671885731 
227 228 -0.006329608366 
228 229 1.513657524763 
229 230 -1.674837712339 
230 231 1.392180348951 
231 232 -1.313675637921 
232 233 -0.638779876006 
233 234 1.806175887545 
234 235 1.863318577845 
235 236 0.368142064972 
236 237 -0.037149731997 
237 238 0.958411270064 
238 239 1.018156760047 
239 240 -0.589345362431 
240 241 -1.613673275547 
241 242 -0.355190619299 
242 243 -0.636929521078 
243 244 -0.658417964867 
244 245 1.634583720464 
245 246 0.396930164081 
246 247 -1.616417454677 
247 248 -0.360445526536 
248 249 -1.373967029222 
249 250 1.334872772747 
250 251 0.449578487212 
251 252 1.425574667716 
252 253 -0.417891321686 
253 254 -1.641915208854 
254 255 -1.801075527133 
255 256 -1.740310211260 
257 258 0.930666916002 
258 259 0.085583782038 
259 260 -0.566026332749 
260 261 1.846220719222 
261 262 1.896582670260 
262 263 0.220441830547 
263 264 -0.143807346549 
264 265 -0.753012542978 
265 266 -0.613035416544 
266 267 -0.060424223193 
267 268 1.395865111990 
268 269 -1.005168871118 
269 270 1.757796620315 
270 271 1.013243073449 
271 272 1.642166256325 
272 273 1.312128180664 
273 274 0.686094239580 
274 275 -0.407066929433 
275 276 -0.546594956518 
276 277 0.217105227727 
277 278 -0.785403085731 
278 279 0.787841372470 
279 280 -1.434136627209 
280 281 -0.973415121698 
281 282 -1.338908832164 
282 283 -0.180238226866 
283 284 1.106752075900 
284 285 1.201844845522 
285 286 -0.280939450815 
286 287 -1.038973025968 
287 288 -0.701734456298 
289 290 1.928573369239 
290 291 -0.120937126920 
291 292 0.252004754369 
292 293 -0.785704880124 
293 294 -0.041241869665 
294 295 -0.288277427251 
295 296 -0.740562570161 
296 297 -0.481576482786 
297 298 -0.784146159964 
298 299 -1.138146621510 
299 300 -1.579467924904 
300 301 1.831325567358 
301 302 -1.724475456671 
302 303 -0.440334172721 
303 304 -0.054789012297 
304 305 0.053058196687 
305 306 -1.681696400024 
306 307 -0.948773197011 
307 308 0.840962077891 
308 309 -1.653558702492 
309 310 0.762577907919 
310 311 -1.643892226134 
311 312 1.553031480955 
312 313 1.669385252857 
313 314 -0.618001539842 
314 315 1.482795656700 
315 316 1.498083850876 
316 317 1.789130862587 
317 318 1.819950034393 
318 319 -1.006839561714 
319 320 -1.181567971048 
321 322 -1.797751571052 
322 323 0.139408126061 
323 324 -1.532919212952 
324 325 0.883210726122 
325 326 -1.574747645587 
326 327 -1.175040243863 
327 328 1.608254396605 
328 329 -1.535633909834 
329 330 0.160003946273 
330 331 0.357033360061 
331 332 0.472906644899 
332 333 1.949334199486 
333 334 1.837120070818 
334 335 1.435038298742 
335 336 -0.348907637612 
336 337 -0.945060214687 
337 338 -1.938071984752 
338 339 -1.592053703174 
339 340 -0.307164531886 
340 341 -1.463643925045 
341 342 -1.158588422634 
342 343 -1.584526772190 
343 344 -0.372345607917 
344 345 1.631285896109 
345 346 0.630933012483 
346 347 0.808736031616 
347 348 -0.077838137737 
348 349 1.194863182200 
349 350 0.981061135794 
350 351 -0.954429521577 
351 352 0.843959079838 
353 354 -1.702281496982 
354 355 0.913722347134 
355 356 -1.937154222056 
356 357 -1.761607130298 
357 358 -0.850973921523 
358 359 -0.080354897852 
359 360 -1.423046325307 
360 361 0.980976800581 
361 362 1.862601078263 
362 363 -1.050446979666 
363 364 1.490329151776 
364 365 -0.085493689264 
365 366 -1.081618346817 
366 367 0.089230670909 
367 368 -0.492130678822 
368 369 -0.607149926977 
369 370 0.588867702578 
370 371 0.867424195404 
371 372 1.289798750921 
372 373 -0.220402993023 
373 374 0.502604550769 
374 375 -1.565510117686 
375 376 0.866038017247 
376 377 0.288046554002 
377 378 0.527981213611 
378 379 -0.020142300287 
379 380 1.942163139344 
380 381 1.112839112538 
381 382 1.843513815603 
382 383 0.683974539584 
383 384 -1.986080913782 
385 386 0.137943451833 
386 387 -0.531320426729 
387 388 1.650878613564 
388 389 1.660376704459 
389 390 -1.330379545227 
390 391 1.581672919204 
391 392 -1.430163861767 
392 393 -1.334134448355 
393 394 1.603111475775 
394 395 -1.772738378702 
395 396 -0.140236720666 
396 397 -0.105632707524 
397 398 0.477710281172 
398 399 1.735919458311 
399 400 1.913799746603 
400 401 -1.466749347977 
401 402 -1.820582432038 
402 403 1.423162234113 
403 404 -1.993285515461 
404 405 1.925798726848 
405 406 1.662878977129 
406 407 -1.716975522257 
407 408 -1.399575258654 
408 409 -1.478285780055 
409 410 -0.693834609526 
410 411 -0.269140783451 
411 412 -0.025380082767 
412 413 -1.809329680888 
413 414 -0.782925440563 
414 415 -1.537361659144 
415 416 0.765891034170 
417 418 0.448784898313 
418 419 0.921966611106 
419 420 0.030130428662 
420 421 -0.587447582527 
421 422 -1.288916054285 
422 423 -1.744388505266 
423 424 -0.082665134205 
424 425 -1.097872054685 
425 426 -0.915810015139 
426 427 -0.854827896334 
427 428 0.651855045083 
428 429 -1.463477096304 
429 430 0.948062945869 
430 431 -0.162998639175 
431 432 -0.101564593453 
432 433 -0.377009211778 
433 434 -0.032395185185 
434 435 -1.965945681579 
435 436 0.372302859391 
436 437 -0.779609324913 
437 438 1.854794352303 
438 439 -0.640838582547 
439 440 -1.917800752754 
440 441 1.226421682599 
441 442 0.712099017595 
442 443 -0.323826280364 
443 444 1.320445567688 
444 445 0.856252917249 
445 446 -1.461283728807 
446 447 -0.252152882563 
447 448 -1.530556869404 
449 450 1.614983055768 
450 451 -1.759987436094 
451 452 0.765030289352 
452 453 -0.559101811059 
453 454 -0.242142349781 
454 455 1.363867367776 
455 456 0.676452699825 
456 457 -0.622616452409 
457 458 -1.530525690158 
458 459 0.331008953499 
459 460 -0.297873705922 
460 461 0.176551247812 
461 462 -0.764502845832 
462 463 0.763924995619 
463 464 1.060227744368 
464 465 0.452454596410 
465 466 0.349751586046 
466 467 0.619849389176 
467 468 -0.579059316282 
468 469 -0.250874480552 
469 470 1.126305661788 
470 471 0.504871869372 
471 472 1.926348272946 
472 473 1.492108036867 
473 474 0.082438079178 
474 475 1.082792946784 
475 476 0.146141147158 
476 477 -1.867056635102 
477 478 0.925076636136 
478 479 -0.398909299305 
479 480 0.168346409008 
481 482 -0.677385645616 
482 483 1.760633360933 
483 484 0.786317088718 
484 485 0.146891742664 
485 486 0.391242499075 
486 487 -0.327737175605 
487 488 0.946844234265 
488 489 -0.915722398140 
489 490 0.399102999289 
490 491 -0.361815439930 
491 492 -1.687923441294 
492 493 0.965375492639 
493 494 -1.372039489445 
494 495 0.124855303121 
495 496 -0.283455463491 
496 497 0.401072798689 
497 498 -0.710775824746 
498 499 -0.629997385906 
499 500 0.539629862974 
500 501 1.605014276580 
501 502 1.342840636922 
502 503 0.830374541102 
503 504 1.657320817919 
504 505 -1.110673186588 
505 506 -1.661520489007 
506 507 -1.919822442048 
507 508 0.931774528764 
508 509 -1.587567987237 
509 510 -1.460048097239 
510 511 0.373980394735 
511 512 -0.397752753460 
513 514 -1.696241822304 
514 515 -0.758512351559 
515 516 0.957689431006 
516 517 -1.490513645163 
517 518 -0.579851369447 
518 519 1.516176063222 
519 520 -1.661563054887 
520 521 -0.960251847333 
521 522 -1.759435997941 
522 523 -0.734699575858 
523 524 -1.674467830526 
524 525 -0.683686556406 
525 526 -0.059468326365 
526 527 1.565224088340 
527 528 -1.359831899526 
528 529 0.526729910390 
529 530 1.166746839007 
530 531 -0.781414438095 
531 532 -0.416145132485 
532 533 -0.526941085196 
533 534 -0.165995482634 
534 535 -0.949410033957 
535 536 0.928292475280 
536 537 1.736879650977 
537 538 0.624581198177 
538 539 1.272359305286 
539 540 -0.896156588755 
540 541 1.282762131009 
541 542 0.817591028190 
542 543 0.414791492915 
543 544 -0.225877905585 
545 546 -1.606791027091 
546 547 1.502192134089 
547 548 0.453989630847 
548 549 1.492942967527 
549 550 1.595064787210 
550 551 -1.216842237213 
551 552 1.672100258557 
552 553 -1.032968660163 
553 554 -0.875723398146 
554 555 0.862532592136 
555 556 -1.764983619790 
556 557 1.955360657529 
557 558 1.959834227996 
558 559 1.287399740366 
559 560 -0.342240150786 
560 561 -1.148550859392 
561 562 -0.955351447516 
562 563 1.541546778516 
563 564 -1.033481167140 
564 565 -0.450526233800 
565 566 -0.255079127689 
566 567 0.272543859104 
567 568 1.771548850736 
568 569 -0.376278760004 
569 570 -0.960980034228 
570 571 1.355832349703 
571 572 1.697449477456 
572 573 1.859162187251 
573 574 -0.727204118526 
574 575 -0.349086373472 
575 576 -1.537443229716 
577 578 -1.438194966451 
578 579 1.614893622928 
579 580 -0.659401634495 
580 581 1.531873282198 
581 582 1.533022674385 
582 583 1.461845883850 
583 584 -1.359063227193 
584 585 -1.900366131291 
585 586 1.632470543712 
586 587 -1.968064147772 
587 588 -0.783915759308 
588 589 -0.168328978525 
589 590 -0.374235267276 
590 591 0.904255885837 
591 592 1.846302944409 
592 593 -0.588587815050 
593 594 1.235485068157 
594 595 0.287562830873 
595 596 1.073133335844 
596 597 0.047264601303 
597 598 0.512766875548 
598 599 -0.089357999984 
599 600 -0.039453199584 
600 601 -0.716310121447 
601 602 -1.266495428950 
602 603 -1.503344615080 
603 604 0.309133275792 
604 605 0.146482693141 
605 606 -1.973417035192 
606 607 0.379148731661 
607 608 -0.411414467143 
609 610 -1.101959239981 
610 611 0.916122515556 
611 612 -1.870197393221 
612 613 0.847234623741 
613 614 0.682273740643 
614 615 -1.945393927088 
615 616 1.787486370815 
616 617 0.471272250652 
617 618 -1.541097606380 
618 619 -0.322925340636 
619 620 -0.726580582857 
620 621 -0.246191429539 
621 622 1.059111962431 
622 623 1.595396024825 
623 624 1.518566015376 
624 625 -1.331583851537 
625 626 1.356510084246 
626 627 -0.303085531905 
627 628 1.091317330012 
628 629 1.040640058215 
629 630 0.218443339726 
630 631 -0.008756146381 
631 632 0.691731127424 
632 633 1.303429484181 
633 634 1.460680289692 
634 635 0.596455234995 
635 636 -1.822145477113 
636 637 -1.580872351557 
637 638 1.820631416596 
638 639 0.046337514430 
639 640 0.108802699460 
641 642 -1.563159617723 
642 643 1.690359158745 
643 644 -1.528054668806 
644 645 -0.902681573555 
645 646 -1.379245095451 
646 647 -1.900088956640 
647 648 -0.357622089782 
648 649 1.542207116781 
649 650 1.505755908264 
650 651 -0.780267480265 
651 652 -0.315121745456 
652 653 1.274355170760 
653 654 1.243179365853 
654 655 0.090582393014 
655 656 0.491222962802 
656 657 1.381056892381 
657 658 1.588005498855 
658 659 0.276659089248 
659 660 -0.357040053842 
660 661 0.484820083428 
661 662 -1.315208542135 
662 663 1.528838479480 
663 664 1.739883625712 
664 665 -0.525491911557 
665 666 0.503636170478 
666 667 -1.844092550830 
667 668 -0.877671473029 
668 669 1.013944319419 
669 670 0.615016482934 
670 671 -0.576329350197 
671 672 -1.586578083645 
673 674 -1.608283954901 
674 675 0.621542157754 
675 676 1.780961552183 
676 677 -1.454771528092 
677 678 1.665533307025 
678 679 0.666450437797 
679 680 1.199511201400 
680 681 -0.994875648198 
681 682 0.754314421664 
682 683 -0.335598270138 
683 684 0.835916237186 
684 685 1.892845385918 
685 686 0.705457330681 
686 687 -1.799989160731 
687 688 1.101318214379 
688 689 -1.702836842894 
689 690 -1.475264400867 
690 691 -1.617322746369 
691 692 0.232865375647 
692 693 0.726716344552 
693 694 0.784129012065 
694 695 1.043577306042 
695 696 -0.310285889299 
696 697 -1.236701745681 
697 698 1.889783521114 
698 699 -0.418175355249 
699 700 0.530145278875 
700 701 0.745220626797 
701 702 0.979266082161 
702 703 -1.048126539782 
703 704 0.149730615479 
705 706 -0.739911470217 
706 707 0.241556466835 
707 708 1.584156029297 
708 709 -1.904151937159 
709 710 -0.952373210814 
710 711 -0.933919941643 
711 712 1.872154170455 
712 713 1.143588043740 
713 714 0.999854645464 
714 715 -1.763944832467 
715 716 -0.840085542212 
716 717 -1.661121289254 
717 718 -0.454053333250 
718 719 -0.010795320754 
719 720 -0.535134972136 
720 721 1.021178547691 
721 722 -0.891437440558 
722 723 0.274422852367 
723 724 -1.438574090352 
724 725 1.420512172560 
725 726 1.406472440482 
726 727 -1.652513812763 
727 728 0.220661345416 
728 729 0.517316457477 
729 730 -1.572788571960 
730 731 -0.663208284190 
731 732 -1.745881464156 
732 733 -0.816438637274 
733 734 1.463612463388 
734 735 0.947779862926 
735 736 -1.843767407065 
737 738 1.480901518610 
738 739 0.768506953046 
739 740 1.768684492361 
740 741 -1.954999032971 
741 742 1.768146363804 
742 743 -0.497083988046 
743 744 -0.593437468757 
744 745 -1.084511150537 
745 746 -0.288005803854 
746 747 0.465041472638 
747 748 0.842391236035 
748 749 -0.599959086101 
749 750 1.052756727075 
750 751 0.591865385210 
751 752 0.566084376567 
752 753 0.037007536424 
753 754 0.353030637651 
754 755 -0.656477230669 
755 756 1.260330666132 
756 757 1.029405581573 
757 758 1.145031171221 
758 759 1.038882425505 
759 760 -0.583443243372 
760 761 -1.119165458238 
761 762 -1.257371323187 
762 763 -1.724660413891 
763 764 -0.011403952888 
764 765 -1.061954668300 
765 766 0.929542321842 
766 767 -1.116351553161 
767 768 1.249463402660 
769 770 0.615702443796 
770 771 -0.228355147968 
771 772 -1.068108433389 
772 773 -1.684516368795 
773 774 0.532210008476 
774 775 -0.726761490746 
775 776 -0.977098953884 
776 777 -0.956103742782 
777 778 1.226199310666 
778 779 1.803265646665 
779 780 0.069963705250 
780 781 0.283328315303 
781 782 -1.904431927413 
782 783 -0.275150564549 
783 784 1.284741298795 
784 785 0.621755112572 
785 786 -1.108120837191 
786 787 -1.291843263530 
787 788 0.607636427272 
788 789 -0.894699801557 
789 790 -0.661186360393 
790 791 1.266328153598 
791 792 1.740265978202 
792 793 -0.658734332012 
793 794 -1.584653723089 
794 795 0.059112977004 
795 796 0.567995884225 
796 797 0.451600638931 
797 798 -1.774669466254 
798 799 -1.853180816696 
799 800 0.680892579465 
801 802 -1.429230871089 
802 803 -1.620582625591 
803 804 0.321499150691 
804 805 -1.122564958588 
805 806 -1.940795813279 
806 807 -1.654401183926 
807 808 0.357970514176 
808 809 1.544017476457 
809 810 -1.658062588721 
810 811 0.224316634341 
811 812 1.599085618490 
812 813 0.725014767499 
813 814 -1.087064049016 
814 815 -1.973654922579 
815 816 0.664470069417 
816 817 -1.806873384122 
817 818 1.497894329093 
818 819 0.915832360957 
819 820 -1.529905637659 
820 821 -1.289256377801 
821 822 -0.187554768241 
822 823 0.140620762560 
823 824 1.649021725211 
824 825 -0.634043287267 
825 826 1.511691683755 
826 827 0.404282317682 
827 828 -1.392938296534 
828 829 -0.647551542085 
829 830 -0.079877702776 
830 831 1.743523629428 
831 832 -0.483600580116 
833 834 -0.857668573127 
834 835 0.622354700257 
835 836 0.056181828037 
836 837 -0.975479842004 
837 838 0.253501514648 
838 839 0.028860840629 
839 840 1.369521332605 
840 841 1.499295091071 
841 842 0.459597569830 
842 843 1.343628201843 
843 844 0.834462219367 
844 845 -0.852635114951 
845 846 1.057028810261 
846 847 -1.256617644154 
847 848 -0.582015216336 
848 849 -1.818848814191 
849 850 -1.132862303641 
850 851 1.136502650980 
851 852 -1.322404524223 
852 853 -1.742206249631 
853 854 1.276858374093 
854 855 -0.003905400478 
855 856 -0.295045530339 
856 857 0.004278543454 
857 858 -0.877116698913 
858 859 0.219944581363 
859 860 1.192281080369 
860 861 -0.106123408893 
861 862 1.841788936978 
862 863 -0.603109754407 
863 864 -1.037995601871 
865 866 -0.360185665612 
866 867 -0.808745086149 
867 868 -1.134538768164 
868 869 0.596326976954 
869 870 0.510181177327 
870 871 1.001120247344 
871 872 1.527334369776 
872 873 1.006339549637 
873 874 -0.147214941755 
874 875 1.546220828453 
875 876 1.037180072941 
876 877 -0.732422555724 
877 878 -1.214047480020 
878 879 -1.290577722025 
879 880 -1.268621570899 
880 881 1.113739130905 
881 882 1.751009370840 
882 883 -1.862115764107 
883 884 0.833562488128 
884 885 0.720628661187 
885 886 0.252572566992 
886 887 -1.842465715397 
887 888 -0.974787293804 
888 889 1.292477711873 
889 890 -1.059314528722 
890 891 1.438941903085 
891 892 0.328709368197 
892 893 -1.423338298347 
893 894 0.289295588009 
894 895 -1.603240339274 
895 896 -1.717975394261 
897 898 1.526447805115 
898 899 1.499713491809 
899 900 -1.211495708439 
900 901 0.018718547692 
901 902 -1.736030806269 
902 903 1.297979095766 
903 904 -0.936470841031 
904 905 1.207207851768 
905 906 -1.768708672293 
906 907 -1.604277453751 
907 908 -0.193713098634 
908 909 0.753655936113 
909 910 0.315032501275 
910 911 -1.527981784357 
911 912 -0.362275129372 
912 913 0.694260591524 
913 914 1.674592852177 
914 915 0.496944196751 
915 916 -1.689047722288 
916 917 -1.359722415967 
917 918 0.530544311191 
918 919 0.327180426763 
919 920 0.796474128394 
920 921 -0.710902424963 
921 922 0.110231532039 
922 923 -0.299434650389 
923 924 -0.643430102163 
924 925 1.691952672844 
925 926 0.484226372465 
926 927 1.342968222028 
927 928 -1.360595656592 
929 930 1.255180153120 
930 931 1.306117995976 
931 932 -1.206197188518 
932 933 -0.303876349281 
933 934 0.778959276737 
934 935 -1.168891242164 
935 936 -1.561489586168 
936 937 -0.820843284759 
937 938 0.210643408629 
938 939 1.362194832275 
939 940 -0.768368660035 
940 941 -1.601600894827 
941 942 1.424506544100 
942 943 0.489769871520 
943 944 0.159634884104 
944 945 -1.610889682439 
945 946 0.603286546757 
946 947 -1.643216267102 
947 948 0.781886723865 
948 949 0.455334007250 
949 950 -0.949316822857 
950 951 1.741035090859 
951 952 -1.677695857202 
952 953 0.326190791697 
953 954 -1.525889578462 
954 955 -0.094519866010 
955 956 -0.765226134708 
956 957 1.616506605465 
957 958 -0.661870115828 
958 959 1.586858028160 
959 960 -1.356315047972 
961 962 0.438607156725 
962 963 -0.888191571852 
963 964 0.309273610927 
964 965 0.257632517256 
965 966 1.952729582569 
966 967 1.656008562247 
967 968 -0.452962315484 
968 969 -1.945664902926 
969 970 -1.558070987769 
970 971 -0.632115881925 
971 972 0.925771894222 
972 973 1.268171868724 
973 974 -1.174513122626 
974 975 1.905790371023 
975 976 0.422539039097 
976 977 1.483003044852 
977 978 -0.735760366298 
978 979 1.523618502022 
979 980 -0.372917349247 
980 981 0.617856521533 
981 982 -0.198120206107 
982 983 0.988115094170 
983 984 -1.984304540092 
984 985 0.332928642756 
985 986 0.830881757042 
986 987 -0.557418800380 
987 988 -1.895697722156 
988 989 0.167284666139 
989 990 -0.501340806124 
990 991 1.518624844510 
991 992 0.047156245258 
993 994 0.904409172180 
994 995 -0.169393562447 
995 996 1.711138016420 
996 997 -0.892179932838 
997 998 -1.970795957385 
998 999 -0.929194408858 
999 1000 -0.090338919351 
1000 1001 -0.684036448131 
1001 1002 0.363133228676 
1002 1003 0.342457601764 
1003 1004 -1.292453736120 
1004 1005 -0.847583565816 
1005 1006 -1.107311428078 
1006 1007 0.147568358425 
1007 1008 -0.993629045210 
1008 1009 0.481233947124 
1009 1010 1.443507563865 
1010 1011 0.859488802947 
1011 1012 -1.613685136293 
1012 1013 -0.734592262720 
1013 1014 1.808269109543 
1014 1015 -1.038693478265 
1015 1016 -0.811397701072 
1016 1017 0.072793590506 
1017 1018 0.203803991179 
1018 1019 -1.657534625138 
1019 1020 1.251618606762 
1020 1021 0.790584648063 
1021 1022 -0.202476858645 
1022 1023 -1.197011361006 
1023 1024 -1.174970704188 
32 64 -0.346152563185 
64 96 -1.331412492746 
96 128 -1.304285245278 
128 160 0.397281635762 
160 192 -0.648853664679 
192 224 -0.812815787000 
224 256 1.292668745054 
256 288 -0.961293137611 
288 320 -1.695922320589 
320 352 -0.345123190249 
352 384 -1.593498146984 
384 416 -1.636707007107 
416 448 0.077081359075 
448 480 -0.221064005667 
480 512 -0.692085861199 
512 544 1.255441064248 
544 576 1.383687074690 
576 608 -1.340142114466 
608 640 0.994224532259 
640 672 0.742976164026 
672 704 -1.882756511297 
704 736 -0.123208385378 
736 768 -0.714860081822 
768 800 1.471085331543 
800 832 -1.479589946641 
832 864 -1.149552182052 
864 896 -1.865560907569 
896 928 0.279825032952 
928 960 1.409076594687 
960 992 -1.340463542780 
992 1024 0.754309586109 
31 62 1.593804357876 
32 63 -0.987855301207 
33 64 0.066762771177 
34 65 0.410598446302 
35 66 -0.776104231513 
36 67 1.695454983669 
37 68 1.671960951496 
38 69 -0.636322194574 
39 70 -0.685094247460 
40 71 -0.952281995195 
41 72 1.904006894337 
42 73 -0.539117611607 
43 74 -0.038754794759 
44 75 0.954138025446 
45 76 -1.424938758005 
46 77 0.906789643704 
47 78 0.252125309188 
48 79 -1.161784064926 
49 80 0.279849470684 
50 81 0.243505437676 
51 82 0.107678519918 
52 83 -1.716371490820 
53 84 -1.488930813515 
54 85 -1.836252751818 
55 86 1.473349523430 
56 87 -1.400245591293 
57 88 -1.038858968802 
58 89 -1.523746295033 
59 90 -1.258543655705 
60 91 -0.766827179648 
61 92 0.907393140116 
62 93 1.399541787300 
63 94 -0.964989521492 
64 95 -1.158630237614 
65 96 -0.382624901788 
66 97 0.735844446834 
67 98 0.129346665720 
68 99 0.577835201321 
69 100 0.623944643168 
70 101 1.549130897281 
71 102 0.548374231613 
72 103 0.771616226829 
73 104 -0.873614128669 
74 105 -1.632676459866 
75 106 -1.911807650879 
76 107 -1.104660481040 
77 108 -1.447485066772 
78 109 0.565018516720 
79 110 0.958905181275 
80 111 1.622187968480 
81 112 -0.259322077862 
82 113 0.729962073147 
83 114 -0.139937050918 
84 115 1.248879334618 
85 116 1.499761839642 
86 117 1.262360052734 
87 118 -1.450595249337 
88 119 0.593766858984 
89 120 -0.015281843196 
90 121 -0.532652218390 
91 122 1.018502447827 
92 123 1.929954811535 
93 124 1.013696314253 
94 125 -1.100045904452 
95 126 -1.734015640083 
96 127 0.434098536612 
97 128 -0.144432725292 
98 129 0.679499360097 
99 130 -1.537481579693 
100 131 -1.072441201261 
101 132 -0.224898050997 
102 133 0.926243306973 
103 134 1.103939733339 
104 135 -1.310413360145 
105 136 -0.818500749031 
106 137 -0.267314217709 
107 138 -1.176376319706 
108 139 1.067460189959 
109 140 -1.753353401538 
110 141 1.197809995001 
111 142 -1.929031159714 
112 143 -0.651523902801 
113 144 1.273188804089 
114 145 -0.502376695022 
115 146 1.633375163602 
116 147 -0.169976426355 
117 148 0.955070477546 
118 149 -0.058297417802 
119 150 1.460457029709 
120 151 -0.628954543574 
121 152 1.268968965540 
122 153 -1.946254543157 
123 154 1.245137070893 
124 155 1.633161244176 
125 156 1.187950239304 
126 157 -1.735134816268 
127 158 -1.211651158037 
128 159 1.021827345719 
129 160 -0.201489078481 
130 161 0.212420227929 
131 162 -0.278271752736 
132 163 -1.597700040135 
133 164 -1.651209124093 
134 165 0.258323596919 
135 166 -0.653812374441 
136 167 -1.030808816016 
137 168 -0.180030834578 
138 169 -0.154970039696 
139 170 -1.333324462243 
140 171 -0.570117687625 
141 172 -0.583246858045 
142 173 0.018449350693 
143 174 0.352731792781 
144 175 1.798236867533 
145 176 1.587843400086 
146 177 1.567244942573 
147 178 1.209001079986 
148 179 -0.252139960325 
149 180 1.049480546430 
150 181 0.853529219126 
151 182 -1.814428132864 
152 183 -0.025496779727 
153 184 1.893919098422 
154 185 -1.151322692752 
155 186 -0.323127424242 
156 187 -0.407389524807 
157 188 -1.872760325995 
158 189 0.124963857279 
159 190 0.963292113215 
160 191 1.518843643092 
161 192 1.851360863553 
162 193 -0.942755028655 
163 194 1.839811602388 
164 195 0.043861854893 
165 196 -1.429225931755 
166 197 1.105888511796 
167 198 1.738779594043 
168 199 1.942950963103 
169 200 -0.625454255040 
170 201 0.836341930779 
171 202 0.419504347195 
172 203 -0.584875574604 
173 204 -1.682899594435 
174 205 -0.879294386910 
175 206 0.525521430620 
176 207 -0.066511525609 
177 208 -1.738274079644 
178 209 0.393619544277 
179 210 1.248898173767 
180 211 0.609331861122 
181 212 -0.912090387211 
182 213 -1.901753208766 
183 214 0.899050780740 
184 215 -0.377406031346 
185 216 0.055326777357 
186 217 1.706825422335 
187 218 0.295118960086 
188 219 0.998922773617 
189 220 -0.601593024134 
190 221 -0.339411761850 
191 222 0.132017389419 
192 223 -1.388012337807 
193 224 -1.092749427628 
194 225 0.126724415945 
195 226 1.760916870000 
196 227 1.030686792950 
197 228 0.816071493807 
198 229 0.373496678352 
199 230 1.080846715175 
200 231 0.151019886136 
201 232 1.545228744666 
202 233 0.460543024864 
203 234 1.925688539779 
204 235 -1.653400993726 
205 236 -1.312715739719 
206 237 -1.381576709000 
207 238 -1.324477116061 
208 239 0.652137415761 
209 240 1.257932630116 
210 241 1.289873028977 
211 242 1.937066189783 
212 243 1.524679152607 
213 244 0.963259344457 
214 245 -1.235844692940 
215 246 -0.063054778924 
216 247 -1.892553623255 
217 248 0.657863471211 
218 249 0.338011999067 
219 250 -0.527914595465 
220 251 0.763148148057 
221 252 -1.767926458646 
222 253 -1.078859392063 
223 254 0.136233969281 
224 255 0.792174881565 
225 256 0.256359002946 
226 257 -1.764172491777 
227 258 1.684675283520 
228 259 -0.851837539030 
229 260 -0.256938246488 
230 261 -1.701171962208 
231 262 -1.034570569036 
232 263 0.523671657000 
233 264 1.690860501051 
234 265 -0.284559369925 
235 266 1.912866553866 
236 267 -0.801455999232 
237 268 0.229356764732 
238 269 1.476599632693 
239 270 1.797333835273 
240 271 -0.516063210059 
241 272 -1.877313880285 
242 273 -0.369827538604 
243 274 -0.825039126184 
244 275 -1.490210417896 
245 276 0.735853177658 
246 277 -1.155361439684 
247 278 1.801806613017 
248 279 0.019424581705 
249 280 1.991350939611 
250 281 -0.912495004359 
251 282 -0.855022650615 
252 283 1.890088320397 
253 284 1.721174721341 
254 285 0.084059153224 
255 286 -0.756726382509 
256 287 1.898978884483 
257 288 1.991502419105 
258 289 1.333561140777 
259 290 1.258206423013 
260 291 -0.613263490477 
261 292 0.272540271623 
262 293 -1.666453747493 
263 294 1.425982206152 
264 295 0.123176025561 
265 296 1.038262098034 
266 297 1.530013291286 
267 298 1.760196006924 
268 299 1.929797122214 
269 300 0.968223244994 
270 301 -0.077796643946 
271 302 -1.279591118432 
272 303 1.656648154758 
273 304 -1.444518558595 
274 305 -0.717983011912 
275 306 1.946425830647 
276 307 0.085212491155 
277 308 0.566120784504 
278 309 1.430449005883 
279 310 -1.955041935599 
280 311 1.727669681881 
281 312 0.570228794557 
282 313 -0.417329482660 
283 314 -1.798128901230 
284 315 1.514663663378 
285 316 1.319090497796 
286 317 1.107884848537 
287 318 0.101671426226 
288 319 0.662519444890 
289 320 0.051653210027 
290 321 -0.032578505963 
291 322 -0.296118743794 
292 323 0.471405077445 
293 324 -0.354152820808 
294 325 -1.756377501818 
295 326 1.719543924809 
296 327 0.183179609801 
297 328 0.031608070836 
298 329 1.477870598984 
299 330 0.137511410104 
300 331 1.195009921978 
301 332 -0.216930665782 
302 333 1.010474657739 
303 334 -1.092409714177 
304 335 -0.216626795126 
305 336 0.588874606942 
306 337 1.678365231613 
307 338 -0.806927915962 
308 339 -1.248971512300 
309 340 -1.119150815778 
310 341 -0.501454874862 
311 342 1.264555579017 
312 343 -0.791442710635 
313 344 -0.410573925945 
314 345 0.382843062255 
315 346 0.366751923413 
316 347 1.675398450781 
317 348 -1.955962765363 
318 349 1.014754718585 
319 350 0.683740212390 
320 351 0.974888864352 
321 352 -1.855604069894 
322 353 1.629966142161 
323 354 -1.157057394833 
324 355 -1.111028267445 
325 356 1.422562409612 
326 357 0.244244206347 
327 358 1.498561140158 
328 359 1.867101507222 
329 360 -0.719819216886 
330 361 -1.911256918987 
331 362 1.417922441228 
332 363 0.579935168070 
333 364 1.981743353600 
334 365 0.990866617856 
335 366 1.652233827949 
336 367 -0.125262049022 
337 368 -1.488721092193 
338 369 -0.114513269813 
339 370 1.057280962732 
340 371 -0.436540683002 
341 372 0.678115365964 
342 373 1.621362113795 
343 374 0.034431638601 
344 375 -1.468599771438 
345 376 0.096739036532 
346 377 -0.066461744625 
347 378 -0.278394564775 
348 379 -0.010098148694 
349 380 0.023312653718 
350 381 -0.263332712507 
351 382 0.355149566893 
352 383 0.639532008167 
353 384 1.977967230082 
354 385 -0.739364876269 
355 386 0.428790476503 
356 387 -1.486357872007 
357 388 -0.679521821965 
358 389 -1.477414186643 
359 390 -0.661633516084 
360 391 -1.605512531672 
361 392 0.503331146763 
362 393 0.237046925372 
363 394 -0.505297531912 
364 395 1.699267366259 
365 396 1.095197303536 
366 397 1.674605607592 
367 398 -0.847869231276 
368 399 1.295499485414 
369 400 -1.426187543799 
370 401 -1.359422676723 
371 402 0.011017863168 
372 403 -0.167835149214 
373 404 0.600428390861 
374 405 -0.671059276701 
375 406 -0.741157678904 
376 407 -1.340254824134 
377 408 -0.621227955229 
378 409 -0.285194390244 
379 410 -1.841316265106 
380 411 -0.319519139980 
381 412 -0.350568025572 
382 413 1.636428181970 
383 414 0.722136549094 
384 415 1.199710974391 
385 416 1.770558150420 
386 417 1.197946706243 
387 418 0.014910469529 
388 419 0.842248939718 
389 420 1.289860924376 
390 421 -1.910386841777 
391 422 -0.168039771927 
392 423 1.779044225535 
393 424 -1.046813388426 
394 425 0.141373115594 
395 426 1.718625098824 
396 427 -0.491860319688 
397 428 1.053968270420 
398 429 1.938569697874 
399 430 -1.292570500951 
400 431 0.029298757560 
401 432 0.209458891517 
402 433 1.695767398813 
403 434 1.117796478033 
404 435 0.912118739707 
405 436 1.035919838455 
406 437 1.362396443877 
407 438 1.518810429162 
408 439 0.589551778215 
409 440 0.535247590884 
410 441 0.997270171015 
411 442 -0.258206415032 
412 443 -0.924675597681 
413 444 1.455652062264 
414 445 0.437973638523 
415 446 0.496183776005 
416 447 0.998944782672 
417 448 1.045219109706 
418 449 0.154840935934 
419 450 1.715387983564 
420 451 1.794731030051 
421 452 -1.673537287015 
422 453 0.922639074179 
423 454 -0.802795717467 
424 455 0.712975381189 
425 456 -1.476390716350 
426 457 -1.111921862660 
427 458 0.257609732050 
428 459 1.125735309330 
429 460 -0.550513490884 
430 461 1.908270389222 
431 462 -0.282571758252 
432 463 0.147269098664 
433 464 -0.438780628161 
434 465 -1.590815474747 
435 466 1.273273324125 
436 467 -1.230012416774 
437 468 1.890588324488 
438 469 0.125272311389 
439 470 -0.254046068041 
440 471 -0.820201499185 
441 472 1.979044112231 
442 473 -0.574683595342 
443 474 1.170506616164 
444 475 -0.925662514215 
445 476 0.593773965888 
446 477 -0.082788116578 
447 478 1.325836566026 
448 479 -0.410322706875 
449 480 -0.108706955789 
450 481 0.018880726818 
451 482 -0.507950018759 
452 483 0.129875684661 
453 484 -1.391736913451 
454 485 0.814342797117 
455 486 -0.159518475321 
456 487 -1.357244861663 
457 488 -1.400660726180 
458 489 1.111217146929 
459 490 1.339702060131 
460 491 0.763021450245 
461 492 -1.747941169386 
462 493 0.275829752933 
463 494 -0.915698274562 
464 495 1.168551613203 
465 496 0.752077102280 
466 497 1.781353834043 
467 498 0.025740466205 
468 499 -1.388372398691 
469 500 -0.685006973086 
470 501 -0.016735578695 
471 502 0.032232208710 
472 503 -0.562595580954 
473 504 0.031654320233 
474 505 0.269673686790 
475 506 -0.519292895898 
476 507 1.208660578955 
477 508 0.460099664172 
478 509 1.698004133689 
479 510 -1.443366165153 
480 511 -1.143189296621 
481 512 1.553015708638 
482 513 0.190067819934 
483 514 -1.355527761899 
484 515 -1.743244793150 
485 516 0.548468644276 
486 517 -1.581223409392 
487 518 -1.152156354492 
488 519 0.805508142780 
489 520 -0.252081789203 
490 521 1.171913325396 
491 522 -0.738621482768 
492 523 -1.130672862632 
493 524 -1.534401727874 
494 525 1.811620570024 
495 526 1.127175296442 
496 527 0.719219133164 
497 528 0.218363761652 
498 529 1.448884627992 
499 530 -1.135940696929 
500 531 1.435289776383 
501 532 1.796652715103 
502 533 1.472719182378 
503 534 1.109645022279 
504 535 -0.949197779257 
505 536 -1.602689562237 
506 537 1.633153057111 
507 538 0.795764258385 
508 539 -1.093067689004 
509 540 -0.983787862808 
510 541 0.767680092543 
511 542 -1.533374968557 
512 543 -1.604030500592 
513 544 -0.472935456883 
514 545 -1.097670853699 
515 546 -1.293314740001 
516 547 -1.924716981384 
517 548 1.499969793966 
518 549 -1.227141322247 
519 550 0.540780010754 
520 551 0.634292408557 
521 552 -0.795352754160 
522 553 -0.580067490438 
523 554 0.654524530456 
524 555 1.595556635789 
525 556 -0.574234404573 
526 557 -1.425949731908 
527 558 0.350288605453 
528 559 -1.908189861005 
529 560 1.753738319906 
530 561 1.734731557872 
531 562 -1.323864662283 
532 563 1.807375293681 
533 564 -0.372924970825 
534 565 1.764620509914 
535 566 1.373067217678 
536 567 0.073827866211 
537 568 -0.041793304827 
538 569 1.781275466871 
539 570 -0.972216260490 
540 571 -0.531076099865 
541 572 -1.785196168074 
542 573 1.911118846427 
543 574 0.517390746632 
544 575 -0.987113082046 
545 576 -1.735632405941 
546 577 -1.430444377983 
547 578 0.103019024896 
548 579 -0.595934527755 
549 580 0.448059652377 
550 581 1.402378267336 
551 582 1.492476129964 
552 583 0.477152422522 
553 584 0.756981657844 
554 585 1.994562421501 
555 586 0.853655048311 
556 587 -1.809785541827 
557 588 1.018472544012 
558 589 -0.755918397229 
559 590 0.608017307231 
560 591 -1.300740005340 
561 592 -0.309425384535 
562 593 -1.394511144323 
563 594 1.134881936957 
564 595 0.502870314439 
565 596 0.478607044701 
566 597 -0.562403334716 
567 598 -1.934944174111 
568 599 0.399596185384 
569 600 -1.860247513106 
570 601 1.190698732445 
571 602 -0.655069489192 
572 603 1.706211537250 
573 604 1.488400551091 
574 605 -1.848951627000 
575 606 1.641094394109 
576 607 0.956238856449 
577 608 0.942020261885 
578 609 0.863295886324 
579 610 -1.756638348983 
580 611 -0.932921162681 
581 612 -0.801743681242 
582 613 -1.754138737435 
583 614 -1.962790338866 
584 615 -0.661898352826 
585 616 -1.605208148813 
586 617 -1.766130146217 
587 618 -1.628079533548 
588 619 -0.831744295903 
589 620 -0.683631353457 
590 621 0.832137403420 
591 622 1.575107288582 
592 623 1.098336015182 
593 624 -0.215094103703 
594 625 -0.877931361666 
595 626 -1.608801089985 
596 627 0.194925286372 
597 628 1.748864344144 
598 629 1.065569337379 
599 630 0.702634989662 
600 631 1.877347735892 
601 632 -0.576022195004 
602 633 0.675543625709 
603 634 0.629662204695 
604 635 -1.771333878926 
605 636 1.155083534885 
606 637 -1.470869122826 
607 638 -0.280318422239 
608 639 -0.628795769977 
609 640 -0.188017150907 
610 641 1.937527723934 
611 642 0.019345482005 
612 643 -1.747663622987 
613 644 0.645636101975 
614 645 0.687043444884 
615 646 -0.322369969080 
616 647 0.286687823479 
617 648 -1.076180287657 
618 649 1.908705914398 
619 650 -0.561361070426 
620 651 -0.430714728714 
621 652 -1.463011241290 
622 653 0.465833435946 
623 654 1.414390733830 
624 655 1.118144960995 
625 656 -1.796345263318 
626 657 0.707783061206 
627 658 -1.740651247125 
628 659 1.931132987557 
629 660 -0.579515447028 
630 661 -1.365016601389 
631 662 1.157419605094 
632 663 0.677071416029 
633 664 -0.929806320015 
634 665 -1.516351919688 
635 666 -0.667371772556 
636 667 -0.267085493978 
637 668 1.686469166482 
638 669 -1.570818391779 
639 670 -0.583657420552 
640 671 -1.804184457214 
641 672 -0.500018917238 
642 673 1.816163118596 
643 674 -1.635355136373 
644 675 1.729546073639 
645 676 -1.344816702953 
646 677 -1.030315691112 
647 678 0.924908274261 
648 679 0.674230164912 
649 680 -0.242667493149 
650 681 1.372747870192 
651 682 0.015168379713 
652 683 -0.629740642370 
653 684 1.035919023051 
654 685 0.133424167133 
655 686 1.776234920279 
656 687 0.138714368350 
657 688 -0.489314311351 
658 689 0.470378008041 
659 690 1.457058645993 
660 691 1.166394954967 
661 692 -0.887413783568 
662 693 0.062191168283 
663 694 -1.474317116712 
664 695 -1.463601682153 
665 696 1.568222771869 
666 697 0.419896911176 
667 698 1.495879958976 
668 699 -1.495107510377 
669 700 0.644182973017 
670 701 -1.059975617852 
671 702 -0.424087495650 
672 703 -0.420048243767 
673 704 1.664768705441 
674 705 -0.638523637675 
675 706 1.399401364513 
676 707 -1.469159868595 
677 708 1.016752231798 
678 709 -0.585876115021 
679 710 1.338382716706 
680 711 0.607637747923 
681 712 0.017213410143 
682 713 -1.933220428131 
683 714 1.514942919459 
684 715 -0.830358499719 
685 716 0.633199117188 
686 717 1.387549967639 
687 718 -1.593080593685 
688 719 0.462829603707 
689 720 0.211055308889 
690 721 1.825386299015 
691 722 1.163247812131 
692 723 -1.572159270007 
693 724 1.785621249813 
694 725 -0.314044390432 
695 726 1.179665981723 
696 727 -0.767941145721 
697 728 0.015066442592 
698 729 -1.368421576548 
699 730 0.415185501351 
700 731 0.087162446040 
701 732 1.562552135291 
702 733 -1.514512213569 
703 734 -1.927867795462 
704 735 -1.617156502206 
705 736 1.207574745333 
706 737 1.604503676680 
707 738 -0.481530241082 
708 739 -0.039924531331 
709 740 -0.169723557673 
710 741 0.812885272872 
711 742 1.257803258001 
712 743 -1.294957133240 
713 744 0.360795986305 
714 745 0.526920832963 
715 746 -0.926701714228 
716 747 -0.270459956471 
717 748 -1.237048881807 
718 749 1.268847739698 
719 750 0.117516608052 
720 751 -0.054366830065 
721 752 0.229582813801 
722 753 0.286958315260 
723 754 0.864906934124 
724 755 -1.356899229724 
725 756 1.385125860415 
726 757 1.826021424820 
727 758 -1.075681612421 
728 759 -1.587902982000 
729 760 -1.252815784746 
730 761 -1.782832019872 
731 762 -1.085453470514 
732 763 -1.103696266656 
733 764 0.437271920755 
734 765 -0.482266304484 
735 766 -1.372056862413 
736 767 0.653275671743 
737 768 1.976551356165 
738 769 -0.933874687978 
739 770 -0.460632387056 
740 771 1.339831171203 
741 772 -0.110054199792 
742 773 0.800776588467 
743 774 1.795162112579 
744 775 0.558768167923 
745 776 -0.833916306354 
746 777 -1.756597362659 
747 778 0.029907229730 
748 779 1.472487523789 
749 780 -1.573101225260 
750 781 1.475981100010 
751 782 -1.549790745709 
752 783 -0.984790521093 
753 784 -1.386483309327 
754 785 1.857616496388 
755 786 -0.533527076840 
756 787 -1.010879034755 
757 788 1.058106161631 
758 789 0.622250954286 
759 790 0.117403541192 
760 791 -1.850114122491 
761 792 -0.311149564362 
762 793 0.861309631864 
763 794 0.721055189280 
764 795 1.348706114054 
765 796 -0.313294783770 
766 797 -0.589404469612 
767 798 0.900860984009 
768 799 -0.053203850872 
769 800 -0.021092282794 
770 801 -0.985421476163 
771 802 1.882302651118 
772 803 0.765501841605 
773 804 1.338597258724 
774 805 1.792937184940 
775 806 -0.737344304063 
776 807 1.870843191508 
777 808 0.868791027169 
778 809 0.156047730382 
779 810 0.630797613343 
780 811 -1.991855778627 
781 812 -1.371300950418 
782 813 1.765050517050 
783 814 1.523638821597 
784 815 -0.451472850602 
785 816 -1.469223398663 
786 817 -1.845023002777 
787 818 -0.574153251060 
788 819 0.292985979274 
789 820 -1.473102942455 
790 821 1.562198713859 
791 822 -0.440585477303 
792 823 1.237510248464 
793 824 -1.089572064216 
794 825 -1.785769506224 
795 826 -1.700028548330 
796 827 0.107953979823 
797 828 -0.636233396424 
798 829 0.664500140707 
799 830 1.750561987245 
800 831 -0.833890286495 
801 832 0.880668992222 
802 833 0.862726683462 
803 834 0.749668477025 
804 835 -1.891688202952 
805 836 -1.674699952192 
806 837 -1.905540544479 
807 838 1.849940605096 
808 839 1.825639567158 
809 840 -0.689089019681 
810 841 1.662804972095 
811 842 1.907209726243 
812 843 0.740230185594 
813 844 -1.488337985519 
814 845 1.035197761834 
815 846 1.963700542551 
816 847 -1.354078934996 
817 848 -1.696095698185 
818 849 1.194204012717 
819 850 -1.982380021668 
820 851 -0.109452135797 
821 852 0.638271159115 
822 853 1.734100895465 
823 854 -1.397854178886 
824 855 1.614170810722 
825 856 -1.314851761568 
826 857 1.344949393649 
827 858 -0.751838221147 
828 859 -0.582324335671 
829 860 -0.174309002863 
830 861 1.788775944956 
831 862 -0.568481518012 
832 863 -1.247462695603 
833 864 -1.009508772325 
834 865 -0.392418820550 
835 866 -0.873470020086 
836 867 -0.655259775480 
837 868 -0.778027998773 
838 869 0.306253446255 
839 870 -0.763661546757 
840 871 0.270918279877 
841 872 -0.774391230565 
842 873 1.655661824610 
843 874 1.200637087420 
844 875 0.426006477511 
845 876 -1.863231390942 
846 877 -1.818931826797 
847 878 -0.204599044642 
848 879 -1.504338463716 
849 880 -0.555767183463 
850 881 -0.475742221625 
851 882 1.514097329355 
852 883 0.859544908379 
853 884 -1.431729641572 
854 885 1.885624536824 
855 886 0.185870892638 
856 887 -1.190693510041 
857 888 -0.895234931748 
858 889 1.376290557581 
859 890 0.076078073145 
860 891 -0.499521911055 
861 892 1.895168994401 
862 893 1.304570579956 
863 894 -1.203859505446 
864 895 -0.910110815967 
865 896 -0.465091578722 
866 897 -1.714420037872 
867 898 -1.796287779230 
868 899 1.267030245221 
869 900 -1.979707838751 
870 901 -0.185652861639 
871 902 1.164147073646 
872 903 -1.101052694958 
873 904 1.156043272776 
874 905 -1.919271448840 
875 906 -0.185137869733 
876 907 -1.671934726698 
877 908 -1.391116184428 
878 909 0.199457322642 
879 910 -0.978210680323 
880 911 0.916462325784 
881 912 -1.500475645245 
882 913 -1.913982796852 
883 914 1.834294882275 
884 915 -0.428516251602 
885 916 -0.754576513027 
886 917 0.927506138826 
887 918 -1.860226592592 
888 919 1.110236449618 
889 920 -0.806061730074 
890 921 -1.553064823610 
891 922 -1.657349305113 
892 923 -1.542408180820 
893 924 -1.795396545362 
894 925 -0.046286070646 
895 926 0.166834957625 
896 927 -0.210992888951 
897 928 1.489211839707 
898 929 -1.044207046989 
899 930 -1.057935779921 
900 931 1.147803747930 
901 932 -0.007784819225 
902 933 -0.674895800540 
903 934 -0.360149269599 
904 935 -1.869496124207 
905 936 -1.847232854149 
906 937 -0.736817770368 
907 938 -1.382288147981 
908 939 0.834336659297 
909 940 1.161961715771 
910 941 -0.330665582923 
911 942 -0.395717188866 
912 943 1.843856633876 
913 944 -1.041600834496 
914 945 1.273775704353 
915 946 -1.093940903686 
916 947 0.580828690333 
917 948 1.960072533357 
918 949 1.246065957391 
919 950 0.871418020023 
920 951 -0.531633531235 
921 952 0.923513188142 
922 953 0.664722941340 
923 954 1.902210494900 
924 955 -0.988534863721 
925 956 0.166614223850 
926 957 1.574207200428 
927 958 1.637743669121 
928 959 1.771259050331 
929 960 -1.779919429161 
930 961 1.010013748778 
931 962 1.299255778152 
932 963 0.700794075512 
933 964 1.319374070599 
934 965 -0.410090305451 
935 966 0.820445188587 
936 967 1.520827357700 
937 968 -0.953581745222 
938 969 -0.030322785376 
939 970 -0.138838042172 
940 971 -1.598399778033 
941 972 0.517255015010 
942 973 -1.682914565492 
943 974 1.876851968817 
944 975 -0.656508515923 
945 976 -0.816101971534 
946 977 0.233784382110 
947 978 -1.421112314634 
948 979 0.762910165825 
949 980 1.779175212829 
950 981 -0.014172827800 
951 982 -1.590359391136 
952 983 -1.823382580015 
953 984 -0.740157453764 
954 985 1.529716466960 
955 986 0.937790990504 
956 987 1.051619809849 
957 988 -1.117212683801 
958 989 -0.775671048467 
959 990 1.619163686424 
960 991 0.288153472985 
961 992 1.733389814085 
962 993 -0.025780058041 
963 994 1.998870500805 
964 995 1.493545741025 
965 996 -1.614328870296 
966 997 -1.010772732634 
967 998 0.620052353857 
968 999 1.856847045645 
969 1000 -0.337402805234 
970 1001 1.373303648203 
971 1002 1.257654991173 
972 1003 -1.145686426135 
973 1004 1.378230268535 
974 1005 0.364948999050 
975 1006 1.059298205789 
976 1007 0.244506898092 
977 1008 -1.951663863420 
978 1009 -1.270118855681 
979 1010 -1.076049828413 
980 1011 -0.776317802609 
981 1012 0.459997460602 
982 1013 -1.213400338445 
983 1014 -1.570437248371 
984 1015 -1.327530774371 
985 1016 1.365980832268 
986 1017 1.274822094057 
987 1018 1.186622408887 
988 1019 1.785456761437 
989 1020 -0.349901909918 
990 1021 1.239319887557 
991 1022 0.485944038328 
992 1023 -0.430808377838 
993 1024 1.440809266454 
