924 956 0.376884905499 
567 568 0.680045858152 
516 548 -0.766717204154 
75 107 -1.261323177980 
5 37 1.064311672352 
778 810 -0.523743685228 
863 864 -0.480096033068 
531 532 1.637370335305 
143 175 -0.766960992345 
337 338 1.297232584225 
526 558 -0.314859700888 
863 895 0.944567124278 
469 470 0.485970941510 
760 761 1.130488651065 
843 875 -0.925289525100 
786 818 0.720656577050 
794 795 0.021331992272 
638 639 0.014282557772 
633 665 1.029251792229 
932 933 -1.607266493053 
750 782 -1.069733638743 
113 114 -0.937479628174 
565 566 1.836615960280 
542 543 -0.510330715763 
637 669 1.936074690221 
362 394 0.712567257235 
755 756 -0.509813387454 
620 621 0.622525120751 
946 978 0.097574094822 
34 35 0.151436786566 
457 458 1.651212165310 
238 270 -1.640564540948 
46 47 -0.241405071206 
495 496 -0.625543270445 
720 721 0.948605075299 
875 907 -1.726495741647 
326 327 -1.213107639931 
271 303 1.960883864401 
920 952 -1.355223163891 
168 200 -0.843251851397 
393 425 0.502081433914 
323 355 -1.169041307833 
2 34 0.007688027773 
540 572 -0.499713993018 
781 782 -0.973978829813 
491 523 1.435230384266 
218 250 1.768987717865 
104 105 -0.782907338026 
222 254 -1.781203894816 
43 75 -1.225878963910 
797 829 0.064705369856 
870 871 -0.865188810525 
596 597 1.348402165827 
210 242 0.837040914616 
790 822 1.651187989648 
364 396 -1.023003945160 
916 917 -0.638606800762 
904 936 0.589727222827 
1018 1019 1.957870786516 
333 334 -0.111280762660 
828 829 -0.005520571367 
737 738 1.386034779300 
766 767 -1.880688697343 
677 709 1.667079477372 
202 234 -0.296048265456 
355 356 -0.565585321069 
907 908 -1.155794699856 
418 450 -0.245964222159 
754 755 0.686105500242 
206 238 -1.323168030653 
844 845 0.217212261953 
85 117 -1.504632578864 
321 352 0.838770365798 
466 498 1.961933643130 
761 793 -1.511318136230 
560 561 -0.279542324239 
220 252 1.349686937964 
645 646 0.676590136430 
1002 1003 0.603855641861 
639 640 -1.706275169418 
987 988 -1.330233109710 
812 813 -0.520378492742 
224 256 1.479928719684 
750 751 1.878828460653 
680 712 1.026645108004 
111 112 1.756894174083 
1010 1011 0.174684286760 
516 517 -0.152889277981 
651 652 0.104769898888 
100 132 -1.323480051567 
69 101 -1.996390989511 
216 248 1.892886757082 
355 387 -0.395219777237 
304 336 1.077753781025 
642 643 -1.996799324050 
204 236 1.225138339620 
667 699 -0.699795265662 
405 406 -0.445346632149 
525 557 -1.485741563138 
834 866 0.756607092764 
986 987 -1.147351945320 
722 754 0.052301373374 
862 863 -1.371798266801 
349 381 -0.682446825660 
170 202 -0.254375512367 
623 624 -0.395048407660 
650 651 -0.397282946904 
195 196 1.910628854845 
20 21 -0.146489193564 
481 482 1.414169426170 
98 99 -0.278107629144 
155 156 -1.819348069736 
174 206 0.982485280500 
53 85 0.315286709633 
200 232 -1.171127071738 
186 187 -0.176932839113 
877 878 -1.462185979150 
883 884 1.801218347503 
252 253 1.670771391397 
260 292 0.568568976435 
190 191 0.769496144367 
394 426 -1.741621275030 
419 420 1.954220650766 
464 496 -1.588667517812 
358 390 -0.043499936550 
178 179 -1.297354022278 
697 698 -0.360036975785 
289 321 1.307770574394 
534 566 -1.949410663997 
973 974 -0.985230209114 
756 757 0.970716044661 
154 186 0.569146013802 
249 250 0.204529252201 
805 806 -0.143406146410 
493 525 -1.383991556050 
530 531 1.162618416925 
158 190 -1.849479459499 
253 254 0.371569489760 
56 88 0.018649220384 
170 171 -0.985974994005 
691 723 1.361894225439 
364 365 -1.496821720488 
2 994 -1.258569791092 
374 406 0.066219933483 
241 242 0.422925975013 
497 529 -1.454940709880 
44 76 -0.889030121345 
871 903 -0.223523031681 
174 175 -1.482641125888 
694 695 1.962391936648 
969 1001 -0.430721600845 
83 84 1.239008042229 
264 265 0.055742707603 
518 550 -0.270962929406 
233 234 0.758904935051 
111 143 -1.872723850267 
992 1024 0.437568388273 
66 67 -1.205618567149 
396 428 -0.162690585155 
91 123 1.889788131945 
237 238 -0.261045800028 
683 715 0.649781295575 
701 702 -1.118600469849 
220 221 0.273293108016 
801 802 1.628422180311 
28 60 -0.894775017636 
375 407 1.651568821056 
733 765 1.585695072017 
458 459 -1.459129294517 
83 115 -0.486332765456 
984 985 1.786199559179 
32 64 -0.442953476197 
875 876 -1.997993914158 
906 907 -0.186389997109 
721 753 -1.533185532046 
39 40 -0.405523849604 
334 335 0.948941744813 
324 325 -0.878138698268 
217 218 -0.567715928859 
169 201 0.946733513889 
257 288 -0.787825812199 
444 445 -1.898959457733 
783 784 0.400288240477 
845 877 1.809754836699 
971 1003 -0.523313804105 
293 294 0.147404438546 
431 432 1.066487658317 
35 67 0.452896065149 
708 709 -0.852582340808 
848 880 -1.987578888799 
774 806 1.709778253697 
209 210 -0.236181401615 
982 1014 0.519470905650 
507 539 0.311868160493 
920 921 -1.972116168094 
922 923 -1.711628575508 
807 839 0.076252327197 
82 83 0.812688256284 
511 512 -0.752435695731 
243 275 -1.158439536657 
411 412 0.153884056078 
428 429 -0.629161950267 
803 804 -1.376596426540 
930 931 1.407749145384 
758 759 1.833828821197 
423 455 1.218963660692 
616 648 -0.298537521425 
142 143 -1.273694526768 
592 593 0.567816909114 
219 251 0.277168329781 
309 341 -1.722117775639 
503 504 -1.708611660433 
676 708 0.521338041503 
979 980 1.595982858222 
451 483 1.162605695247 
624 656 -0.335194491450 
258 259 0.750363762400 
961 993 1.581974994144 
919 951 -0.959865253924 
780 812 -1.295331896614 
283 315 0.899822907164 
909 910 -1.028351951920 
269 301 1.831188216882 
987 1019 0.990310282739 
823 824 1.700869333879 
770 802 1.592362710022 
57 58 0.579751147943 
481 512 1.007927297923 
983 984 0.982614962187 
939 971 -1.534045833178 
61 62 0.206957547085 
925 957 0.669659219983 
248 280 1.068249219580 
275 307 -0.191651693380 
967 968 0.663351299630 
152 153 1.166829643558 
916 948 1.316805104631 
49 50 -1.984270786583 
657 689 -1.492845548170 
487 488 -0.112057034087 
950 982 0.865400340053 
679 711 0.948396334297 
1023 1024 -1.110341714256 
230 262 0.120070285650 
727 759 1.733527324050 
413 414 -0.982680728682 
549 581 0.144385174186 
346 378 -1.896903488745 
41 42 -1.986854877737 
479 480 -1.437357087247 
687 719 0.118519107606 
715 716 0.157700179697 
626 627 1.706978822838 
218 219 1.019835408635 
647 648 1.753871740104 
150 182 -1.399314804728 
45 46 -0.296332621331 
820 821 1.571970279535 
93 94 -0.784985621449 
57 89 -0.671377548952 
28 29 -1.021325426029 
402 403 -0.463064420329 
92 124 0.208484198701 
294 295 -0.559998855053 
61 93 1.080326567520 
24 1016 1.242695488440 
757 789 -1.842066651352 
655 656 0.473099131531 
627 659 -1.707768217024 
440 441 -0.716802517085 
96 128 0.458250666647 
201 202 -1.498294040688 
49 81 -1.147709614251 
564 596 0.479646165952 
711 743 -0.890913912640 
878 879 1.830393962351 
740 741 -0.183031068812 
449 480 0.034962097052 
95 96 -1.933424470032 
16 17 -1.048430818923 
151 152 0.740638371822 
262 294 1.003154546815 
907 939 -0.789796868169 
88 120 0.025560560851 
104 136 -0.803787432664 
207 239 1.190327416743 
97 129 1.832106410021 
700 732 0.078204800811 
455 456 0.227511669346 
148 180 0.342968497215 
853 854 -0.059843990132 
757 758 -0.709085175523 
811 843 1.348017010309 
8 1000 1.500467587326 
802 834 1.066209674643 
766 798 -1.022572722184 
695 727 0.314624780942 
477 509 -1.785371754130 
42 74 0.283762362823 
447 448 0.786549332242 
159 191 -1.175797155670 
391 392 -0.168177655813 
782 814 -0.420289577738 
46 78 -0.040101957744 
86 87 -1.211569035243 
400 401 -1.690510322229 
72 104 -1.355830307758 
58 59 -0.086333195065 
685 686 -0.643957164902 
563 564 1.638878537939 
555 556 0.599242868132 
132 164 0.105914740530 
941 942 1.951925354921 
62 63 1.918524672549 
799 831 -1.627083316845 
110 142 -0.926617073009 
201 233 1.490132449326 
965 966 -0.064085808161 
131 163 1.029081054341 
759 760 0.275269629565 
937 969 0.738419536381 
484 516 0.528315270327 
50 51 0.684822158096 
417 449 1.875017475127 
961 962 1.609858745344 
861 862 1.081842815681 
571 603 -0.553372015048 
205 237 -1.219141037601 
26 58 1.961919422480 
859 860 -1.142944319331 
338 370 -1.830901434651 
121 122 -1.589511777038 
825 857 1.166045201587 
862 894 1.924044580869 
680 681 1.120518202808 
965 997 -0.620152923391 
30 62 0.581743406201 
414 415 1.144451640109 
42 43 -1.724272013046 
447 479 0.556935399341 
180 181 -0.040653813813 
18 50 -1.699651563806 
822 854 1.448814329099 
385 386 -0.360994599737 
502 503 1.487522385422 
360 392 0.709800422534 
392 393 -1.430851800920 
292 324 -0.337893802112 
535 567 0.792305716964 
902 903 1.851197606642 
869 901 1.255877929572 
280 312 0.120359740511 
105 106 -0.037795096149 
19 1011 1.364916323575 
706 738 -0.868284551471 
414 446 1.926509819093 
279 280 -0.931566763757 
839 840 0.573549825991 
109 110 1.225526008221 
92 93 1.582827566800 
995 996 -1.198062131214 
503 535 -0.248655557176 
230 231 -0.357632992751 
106 138 -1.323533447677 
297 329 -0.076837049960 
847 848 0.925235525847 
268 269 0.687792177489 
242 274 -0.254132114455 
593 625 -1.274715899244 
519 551 -1.605440745526 
406 407 0.007870042631 
173 205 -0.237615065579 
264 296 -0.210963588197 
89 90 -0.373023741983 
385 416 1.862450090987 
779 780 1.768324046387 
343 344 -1.713004183373 
165 166 -1.867792381569 
15 47 -1.216361437179 
183 184 0.320851146369 
900 932 1.682471187759 
81 82 -0.779738155140 
858 859 -0.745621266250 
545 577 -0.191366976354 
635 636 -0.419441463086 
654 686 1.640306042767 
379 411 1.447121030217 
341 342 0.288444954252 
824 825 -1.943441693774 
698 730 0.104791884301 
864 896 1.633596737452 
889 921 -0.894488708700 
483 484 0.267615304642 
548 549 -1.456106006137 
754 786 -0.236682761919 
702 734 -0.909117491250 
798 799 0.307006654721 
765 797 0.954253781556 
234 266 -0.456853004913 
330 362 0.966508180872 
1011 1012 -0.520007200958 
371 403 1.668815310289 
784 816 0.951893218277 
246 278 -0.599552593480 
513 514 1.998217838325 
792 793 1.787986336897 
436 468 -0.853208664761 
868 869 0.069884525090 
747 779 -1.625669113131 
227 228 -1.713319859165 
520 521 -1.800319280750 
619 620 1.819614735486 
198 199 -0.778534444301 
419 451 1.853245885309 
849 850 1.044869580615 
521 522 0.025805338742 
137 169 0.972390818429 
898 930 -1.513516286956 
1007 1008 1.355639579501 
596 628 1.175386430499 
141 173 1.614226251975 
90 122 0.425250427942 
912 944 0.784171394162 
858 890 1.434556526407 
850 882 -0.239287952957 
537 569 -0.576649030720 
693 694 -1.044725415403 
872 873 1.014713799959 
886 918 -1.066363555958 
94 126 1.263177876225 
631 663 -0.257695628770 
962 994 0.711487642690 
120 152 -0.206891386697 
693 725 -1.244130625507 
586 587 1.949966751213 
927 928 -1.770564697777 
24 25 1.324076059851 
576 608 -1.162638125045 
974 1006 -1.207465734463 
785 817 0.088001599859 
603 604 1.333051850678 
108 140 -1.046303426190 
590 591 -0.125526524644 
132 133 -0.647199909434 
927 959 -0.745561367283 
281 282 -0.938790973546 
105 137 0.337548941823 
513 544 1.368136683087 
454 486 1.192126303302 
580 612 1.838203936106 
599 631 -0.232714925606 
1022 1023 -0.961132858176 
74 106 -0.667870145661 
794 826 0.892598947017 
559 560 -1.778603026717 
162 194 0.722931134365 
273 274 1.690918540195 
633 634 -0.527882272072 
78 110 -0.155177477154 
7 999 0.486339282802 
276 277 -0.649549977119 
725 757 -0.830071962370 
688 689 1.009029428638 
354 355 -0.262743033028 
166 167 0.802821799602 
825 826 -0.686873459444 
767 768 -1.519187599926 
994 995 1.496414558590 
15 1007 1.589912202944 
743 744 -1.881760222430 
756 788 0.148230984517 
583 615 1.156087143625 
1006 1007 1.228407678630 
167 199 0.047982609394 
936 968 1.717769648700 
361 393 0.164576306106 
150 151 0.904476125411 
840 841 -0.537602056304 
181 213 -0.305772680820 
485 517 1.314511777163 
99 131 -1.561026837366 
450 482 -0.290913751660 
609 641 1.234412867655 
20 52 0.704265801379 
885 886 1.521013509953 
158 159 -1.533114740914 
345 377 0.963882227343 
737 768 0.408168496769 
496 497 -0.190710580650 
567 599 0.100203264170 
453 454 1.413004364112 
778 779 0.661664967212 
617 649 -0.984662855739 
947 948 -0.336092386483 
531 563 -1.493205189327 
660 661 1.227306312236 
716 717 -1.602707778842 
577 578 -1.630308152982 
337 369 -0.402988763111 
27 28 0.803893812801 
526 527 -1.305656492319 
621 653 -1.416851561480 
665 666 1.729763755025 
124 125 -0.136698055218 
459 460 0.660095913873 
4 36 -0.272153476890 
669 670 -0.330829908744 
191 223 1.352617872910 
266 298 1.838303598106 
762 794 -0.995648344275 
585 586 1.160825962234 
19 20 -0.453454613257 
673 674 1.429783573814 
398 430 -1.194524597037 
437 438 -0.431346190511 
948 949 -0.893048217825 
471 503 1.720855589652 
306 338 -1.036107062397 
282 283 0.327149874421 
925 926 1.252201222166 
420 421 -0.439114003020 
870 902 -1.987444189330 
1021 1022 0.656977455657 
381 413 1.505707919609 
696 728 -1.522333906038 
828 860 -0.526495082397 
947 979 -0.271229514209 
108 109 1.453570028066 
768 800 0.265697796006 
274 275 0.349782344028 
969 970 0.950184991673 
630 662 -1.661413520077 
822 823 0.126940309622 
577 608 0.666444707552 
275 276 -1.658494637144 
464 465 0.046965374623 
783 815 -1.309509144746 
408 440 0.004268671447 
808 840 1.291344194608 
638 670 -1.871058998833 
1005 1006 -0.300794828622 
23 1015 -0.928350581704 
673 704 1.427578430293 
944 945 1.385288597805 
880 881 -0.911124549216 
940 972 -1.113435679168 
1012 1013 1.634237718240 
161 162 0.343158669124 
444 476 -1.374341767009 
779 811 -1.360789997238 
888 920 0.922766264400 
202 203 1.942384234051 
703 704 1.387917301654 
723 755 1.782227150217 
263 264 1.337119879275 
140 141 -0.629428455335 
628 660 -0.155140112408 
206 207 1.336865308670 
72 73 1.745897228261 
392 424 -1.492995953715 
506 507 0.663326857606 
845 846 1.152668683775 
316 317 1.978842262939 
215 216 0.871429811574 
678 710 1.283464125073 
37 38 0.118146064397 
645 677 0.042998622695 
175 176 1.116686318259 
675 707 0.609119725087 
887 888 1.373877890004 
610 642 -0.751498321436 
326 358 -0.191978934714 
498 499 -0.811724249003 
867 899 0.079397613722 
598 630 -1.015951072785 
216 217 -1.785443566382 
826 858 0.975257146412 
82 114 -0.584111010734 
432 433 -1.694933468638 
574 606 -1.234635270884 
389 390 1.547159188294 
490 491 -1.464178371720 
643 644 -1.367758355896 
703 735 1.338263882016 
300 301 -0.379654524484 
562 594 -0.559118539502 
814 846 -0.499856667178 
658 659 -1.341156875845 
393 394 -0.766749526715 
26 1018 -1.406320718297 
895 927 1.541416739527 
4 5 -0.143034736441 
850 851 -1.282598855487 
375 376 -1.172971713482 
582 614 0.893501711379 
335 367 0.845956729423 
536 568 -1.489064056773 
9 41 1.210120886596 
195 227 1.329738302494 
880 912 -0.289855226589 
763 764 1.702830049417 
130 131 1.321237035440 
353 385 1.791819192008 
155 187 -0.404187456727 
13 45 1.477712765606 
176 208 1.644004132527 
474 475 0.536942880757 
1000 1001 -1.921813034267 
350 351 1.288316310313 
357 358 0.385685103683 
10 1002 1.401598187357 
931 932 0.897394741226 
184 216 0.535396546136 
394 395 -1.148253309350 
321 353 -1.126420017136 
147 179 -0.507038352312 
724 725 0.148835146813 
468 500 -0.714571496494 
193 194 1.094715806638 
913 945 1.863812049975 
359 360 0.223171289930 
748 780 -1.954039581376 
534 535 0.842639005204 
629 661 0.222913098967 
520 552 -0.994447554864 
409 410 -0.352108210464 
28 1020 0.699642794515 
687 688 -0.447660362885 
575 607 -1.825794041858 
351 352 -0.548262628643 
943 975 -0.626095758264 
34 66 1.349680895894 
102 134 0.545925753846 
609 610 -0.286356521991 
257 289 -1.646116014072 
22 54 -0.252366804903 
461 462 1.789316595770 
952 953 1.106712213977 
926 958 0.197429868387 
256 288 0.148596927292 
668 669 0.540888968829 
508 540 -0.741003520962 
38 39 -1.712773131566 
802 803 0.547578835701 
5 997 1.452825584287 
753 785 -0.724989180478 
911 912 -0.230832670936 
976 1008 -0.433084907164 
184 185 -0.061922997232 
172 204 1.518953440040 
689 721 1.817850454264 
12 1004 1.322456549640 
359 391 -0.831015714488 
860 861 1.721953706954 
607 608 -0.049024199438 
366 367 0.255696265820 
193 224 1.132027299354 
99 100 -0.518448974715 
1013 1014 -1.254556563277 
968 969 0.431135827828 
23 24 -0.613275497275 
6 38 -1.272503286472 
523 555 1.132951348562 
771 803 -0.612030147179 
856 888 0.529644806121 
739 771 -0.861520727854 
277 278 -1.547844217038 
581 582 -1.164174679614 
217 249 0.108646565846 
609 640 -1.746550720680 
545 546 1.485667910448 
894 926 0.283465239259 
235 267 1.491192737458 
221 253 -0.849503907442 
804 836 0.963124294577 
31 63 0.551431223871 
472 473 1.461513547176 
626 658 -1.043952085426 
209 241 -0.695514976001 
982 983 -0.132800052586 
836 837 0.188604572351 
840 872 -0.276108695539 
185 217 -0.227957253668 
691 692 1.657197538334 
541 542 -1.842842541652 
73 105 -0.044417373921 
3 35 1.022128695248 
791 792 -0.609039914516 
336 368 1.487217358305 
741 742 0.849524874754 
529 530 1.080185912445 
953 985 0.473281195941 
161 193 -0.439882251062 
470 502 -0.902812248532 
212 213 0.458829883414 
77 109 1.264616620533 
410 411 1.921629398698 
838 839 -1.596272248569 
936 937 -1.640355568680 
594 595 -0.467581729713 
871 872 0.277485960325 
52 53 -0.682721433144 
896 928 -0.555929309516 
942 974 -0.538138315999 
129 130 -1.462265072724 
246 247 0.920492204827 
816 817 0.006150213978 
935 967 -0.145785696757 
232 264 -0.921167180264 
136 137 -1.189068381086 
941 973 -0.121265775932 
164 196 -0.763690774295 
663 695 -1.544524638934 
636 668 0.790924476674 
378 379 1.271932549561 
449 481 1.569827021448 
268 300 0.440616807968 
397 398 1.755059971984 
533 565 -0.345287945498 
801 832 -1.691215241935 
194 195 -0.792248909800 
867 868 0.864898962636 
247 279 1.304221096919 
102 103 0.769435335519 
413 445 0.825354331594 
41 73 0.913709388368 
575 576 -1.707237330527 
479 511 1.729631427191 
12 13 1.984263195823 
866 867 1.602481618065 
588 620 -0.287235313392 
438 470 -1.948632328246 
295 327 1.322306986597 
278 279 -1.013599964259 
380 381 1.249159364078 
245 277 -1.946031249489 
493 494 -1.684471812449 
129 160 -0.392422076585 
787 788 0.882451079585 
917 949 0.762752704453 
87 88 -0.830350425294 
550 582 0.324350235135 
587 619 -1.888482519320 
382 383 -0.206809238497 
517 549 -1.418112816289 
522 554 1.307839199367 
730 762 -0.656866993572 
547 548 -1.601989127194 
795 827 -1.259165453955 
655 687 -1.754815251128 
738 770 -1.915430335608 
486 518 -0.495441462737 
353 354 -1.436304785458 
135 136 -1.746917716337 
123 155 -0.682992430108 
213 214 0.602746410465 
376 377 0.710792202245 
954 986 0.005929048045 
538 539 -0.292371022263 
677 678 0.697860722759 
676 677 -0.960944727861 
418 419 -1.186885738671 
773 805 -1.618447817237 
874 906 -1.588083726849 
543 575 -1.530581726595 
1003 1004 1.473693048368 
115 147 1.531612538333 
546 547 -0.073523279101 
625 657 0.177104417266 
308 340 -0.180828830479 
455 487 -1.912869316275 
438 439 -1.088640998842 
949 950 -0.372059908690 
147 148 -0.622945248041 
747 748 -0.287607494346 
395 427 1.298605872099 
70 71 -1.595441237063 
911 943 1.340225219154 
905 937 0.081132405899 
67 99 0.070355635921 
514 546 -0.682213921386 
734 766 -0.833322043881 
315 316 -0.861593956417 
439 471 1.213799838404 
506 538 1.623541955259 
353 384 -0.565842693875 
97 98 -1.674689266384 
510 542 1.151122255246 
555 587 1.215240570868 
769 801 1.551053155109 
307 308 -0.757551578325 
903 904 1.748525316529 
704 736 0.687867785779 
731 732 -1.940633276668 
876 908 1.227191334953 
80 81 0.894881554892 
762 763 -0.192943567671 
85 86 -1.235835183408 
579 580 -0.301960002038 
572 573 1.525695127620 
926 927 1.174259815976 
914 915 1.108504957410 
299 300 -0.148439510476 
855 887 0.056797978516 
285 286 -0.872545386242 
852 884 1.113268316014 
339 371 1.328598312649 
714 746 0.921219697795 
739 740 -0.994307293665 
930 962 -0.236466977602 
932 964 -1.211477393650 
1017 1018 -0.566956891884 
978 1010 1.177545711365 
385 417 0.233900025279 
718 750 -0.981112479118 
315 347 -0.002495253364 
853 885 -0.650845824779 
16 1008 1.225075353526 
29 1021 -0.969128360032 
732 764 0.405856646627 
746 747 -1.971281167565 
841 842 1.240325498729 
307 339 -0.034547556962 
295 296 1.262281078241 
556 557 -0.350851627237 
736 768 -1.117297565685 
873 874 1.553188206300 
487 519 -0.578897935424 
631 632 1.585759388841 
612 644 -1.540037818506 
407 439 0.961005575490 
390 391 -1.968490422670 
357 389 1.357758186372 
984 1016 1.823753706596 
300 332 -0.833686634179 
495 527 -0.754173888882 
194 226 -0.724146223766 
764 796 -1.592570063590 
17 1009 0.514974890971 
327 328 -0.468784690327 
716 748 -0.455856495207 
149 150 -0.259199169451 
48 80 1.215851710831 
602 603 1.005112911451 
550 551 0.635084532623 
89 121 -1.157561052285 
957 958 -0.439486804883 
945 946 1.338763769312 
363 395 1.314370550301 
325 326 0.270590447590 
93 125 0.575862651477 
682 714 -1.482835634712 
737 769 -1.346207403978 
319 320 -1.304336486128 
835 867 1.783832592738 
972 973 0.978099645197 
610 611 0.084276666399 
81 113 -0.907285504759 
615 616 -1.262023797872 
686 718 -1.601168855112 
391 423 1.416500379907 
654 655 -1.698393493984 
981 1013 1.189014435057 
749 781 -0.042953158406 
968 1000 1.037644845887 
698 699 -1.295260783429 
399 400 1.515908188543 
764 765 1.932120408173 
203 204 1.179478573093 
294 326 -0.466543255184 
702 703 -0.756200918927 
511 543 -1.966119759394 
138 170 0.717629762054 
713 714 -1.965818440325 
163 164 -0.391659844996 
471 472 -1.642553336897 
208 240 -0.621269363140 
934 966 -0.136881135781 
929 930 0.458274010759 
513 545 0.941476134280 
507 508 -0.838089264283 
270 302 0.308095192420 
933 934 0.644628175773 
699 731 -0.225769586197 
309 310 -0.733184392814 
236 237 -0.421944490138 
666 698 -0.133054112470 
146 178 -0.054008892901 
761 762 1.538801914443 
377 409 -0.813803767558 
292 293 -1.931535751911 
257 258 0.461297830715 
901 933 1.473330665630 
446 478 -0.691522011929 
286 287 -0.490797070683 
509 541 -1.536288157203 
952 984 -0.017599269052 
842 874 -1.275558055558 
682 683 1.617723967164 
499 500 -0.898554581883 
319 351 1.557716324633 
196 197 0.654500399522 
748 749 -0.527054626000 
878 910 -1.248071856923 
1 2 -0.665071083537 
369 401 0.286981167416 
758 790 -1.780281698122 
615 647 -1.081629858880 
118 119 -0.238639940628 
612 613 -1.313293876855 
374 375 1.351920485164 
841 873 1.536366961966 
908 909 -0.089374235707 
287 288 0.430338344559 
8 9 -0.624752616844 
897 898 0.657888836816 
491 492 -0.014471371751 
931 963 0.602170590516 
152 184 -0.417881203585 
265 266 -0.683546796967 
623 655 -0.536790363588 
386 418 1.738149536763 
891 892 1.951572051039 
578 579 -0.213113361543 
140 172 -0.264345433708 
603 635 0.424330824864 
759 791 -1.455139846181 
98 130 0.844294939412 
317 318 -0.341445423885 
281 313 -1.224308559557 
929 960 0.083883620320 
732 733 1.526635771663 
956 988 -0.093896843147 
316 348 0.761673128283 
119 151 -0.537418866959 
74 75 1.404166299942 
979 1011 -0.967432176301 
728 729 -0.577333188220 
544 576 1.821017134317 
854 886 0.243894833000 
273 305 0.032118508265 
475 476 -1.179283107462 
884 916 -0.754932812903 
78 79 -0.770776048440 
900 901 1.334318705640 
136 168 -1.503916259013 
729 730 -0.571409988236 
745 777 1.919481968052 
1 32 -0.927357820717 
188 189 -0.581793148531 
324 356 -1.075484062754 
815 816 -1.720225546436 
510 511 0.878173306404 
58 90 -1.566399923067 
312 313 -1.358908983766 
467 468 0.549424914289 
803 835 0.131261913667 
866 898 -1.285546897263 
225 226 1.020165503447 
726 758 1.055688689022 
788 789 0.518443458750 
469 501 1.692825324527 
176 177 -0.409055738329 
991 992 1.661507091217 
722 723 0.651330703497 
830 862 -1.374098198657 
881 913 -1.334003742243 
255 256 -1.980260927215 
755 787 -0.348400114770 
795 796 -1.292337744469 
632 633 0.634323071658 
838 870 -0.264127862774 
1001 1002 0.871397368676 
835 836 1.175637428217 
723 724 1.458937935461 
494 495 1.809820592712 
424 456 0.339544656431 
790 791 -1.961248046001 
709 710 1.817672040005 
647 679 0.824140495365 
772 773 1.994380610980 
13 1005 -1.132954590622 
247 248 0.647573236749 
30 1022 0.928451077302 
453 485 -1.326036882534 
709 741 -0.213845850175 
649 650 -1.620637570319 
466 467 0.969444992777 
2 3 -0.789870936310 
857 858 1.392611604609 
225 257 1.016008497482 
443 444 0.715803271591 
724 756 -1.236126963180 
27 59 -0.481508929198 
653 654 1.199061431407 
781 813 0.305053637441 
569 570 1.268384163888 
665 697 -0.854941687874 
225 256 -0.967066535387 
356 357 0.354615298476 
962 963 0.532748405616 
573 574 -1.420850995237 
669 701 1.557507605747 
266 267 -1.254562594978 
435 436 -1.852940583936 
19 51 -1.678884278104 
664 665 1.268837826278 
338 339 1.435055274796 
231 232 1.642404636195 
14 1006 0.177963732871 
398 399 0.761052720609 
365 397 0.015940502074 
634 635 0.069009931154 
525 526 -1.360561504773 
990 991 -0.393619109405 
978 979 -1.248200600240 
899 900 0.491154130721 
657 658 -0.804010614764 
909 941 -0.911159171571 
427 428 1.355388878947 
708 740 1.570509861603 
157 158 0.532675389766 
553 554 0.081992951098 
223 224 -1.242955446357 
882 883 -1.800011399526 
32 1024 -1.751703393871 
145 146 -1.007736592192 
662 694 -0.639063618947 
443 475 1.929129355392 
557 558 -0.784931123115 
692 693 -0.559808630062 
983 1015 0.066257677600 
818 850 -1.605655292610 
869 870 0.894115810105 
569 601 -0.783980600638 
796 797 0.391800939595 
625 626 1.102232394667 
860 892 -0.640640222881 
806 807 0.406143273175 
942 943 -1.994677881069 
573 605 0.126927680873 
618 619 -0.286768068831 
435 467 -1.013223204598 
56 57 -1.643622197774 
608 640 -0.210508737040 
429 461 1.235065684499 
945 977 1.357503875919 
428 460 -1.875921656553 
622 623 1.412510143442 
624 625 1.571066323524 
839 871 -1.310472900695 
65 96 -0.963976881770 
291 292 -0.521129431656 
528 529 -0.372001204173 
646 678 -1.250615436397 
651 683 -1.797881929981 
303 335 -1.529736839835 
975 1007 1.014151711977 
572 604 -0.904394285363 
199 200 0.530526514759 
844 876 -1.640876852076 
21 22 -0.033109472816 
405 437 -0.821107846156 
368 369 -0.954969520305 
865 866 0.163403913543 
412 444 -0.883409589309 
989 1021 1.275489239634 
810 842 -0.218344637059 
463 464 -1.776813440553 
671 703 1.266222603458 
882 914 1.576878008504 
558 590 1.796446669648 
598 599 -0.675408923015 
826 827 1.691865525971 
589 590 0.481729183316 
705 706 -0.095638677906 
75 76 -0.880130023182 
166 198 -0.760131630112 
574 575 0.925407618070 
389 421 0.458051216465 
643 675 -0.578919976255 
80 112 1.541124901422 
548 580 -1.639922169136 
562 563 0.010184770151 
342 374 0.995001621371 
404 405 -0.185756100308 
973 1005 1.282284915761 
314 346 -1.881029217526 
928 960 1.027269529340 
154 155 -0.635791111301 
837 869 -0.340726732453 
542 574 1.451483621435 
637 638 -1.521397038081 
810 811 -1.409167931693 
387 388 -0.632644106066 
563 595 -0.336618739053 
935 936 -1.688441709346 
504 505 0.005362037587 
530 562 -1.281413143079 
146 147 0.294204682333 
27 1019 -0.457559812809 
558 559 0.094602786637 
872 904 1.375866616854 
336 337 -0.158298709419 
36 68 -1.878509724725 
518 519 -0.949989243290 
613 645 0.576493102272 
24 56 -0.992036501617 
617 618 -1.888228682403 
144 145 0.848941390156 
368 400 0.525481918704 
793 794 1.905883016967 
193 225 -0.925646837314 
12 44 -0.099460763782 
621 622 -0.203700240800 
789 821 1.478066482579 
322 354 0.779274801639 
409 441 1.765953287789 
488 489 -1.197923300789 
11 1003 1.659670248040 
445 446 1.489188656217 
912 913 0.948674442645 
504 536 -0.830116232731 
824 856 -0.749882531202 
908 940 0.718039617509 
705 737 -0.202681166975 
351 383 -0.142368503542 
699 700 0.368082088779 
600 601 -1.876804849041 
788 820 -1.596549040888 
401 433 1.060986599670 
492 524 -1.198075060161 
39 71 -0.913370031381 
22 23 1.645076722428 
117 149 0.268752712019 
8 40 1.390358224917 
601 602 -0.408690001708 
917 918 -1.723166336713 
271 272 -0.428164826840 
452 484 0.498116278714 
605 606 -0.354932631891 
293 325 -1.933418921225 
960 992 0.021448991703 
431 463 0.076002435097 
800 832 -1.969653006772 
272 304 1.955221080922 
370 371 -0.997020593125 
313 314 1.504035217742 
7 8 0.676805915796 
429 430 1.495157938299 
372 373 -1.853725809824 
914 946 -1.028806289796 
221 222 1.530156195327 
412 413 -1.996898690117 
261 262 1.595597081629 
445 477 -0.428923185893 
362 363 1.987269459604 
627 628 -1.016461469508 
3 995 -1.353775513153 
500 501 1.329983167681 
690 722 0.527437025251 
684 716 -0.109845687421 
180 212 0.318397085619 
232 233 -0.399358773573 
967 999 0.272858419128 
915 916 -1.317043348515 
182 183 -1.012214269060 
31 32 1.918721262891 
456 457 -0.598321229233 
915 947 -1.313578528011 
267 299 -1.043057641091 
966 967 1.923156990560 
515 547 0.100230425900 
483 515 0.780246291495 
642 674 -0.030249652683 
671 672 -1.487674825096 
501 502 0.077013406706 
823 855 -0.634205976105 
986 1018 -0.123819629125 
606 607 -0.782427042230 
97 128 -0.072923069691 
484 485 1.979118186210 
17 18 1.684996936743 
861 893 0.185014069774 
382 414 -1.662661956751 
541 573 -0.262356257462 
632 664 1.208378831423 
332 333 -0.179632882689 
594 626 -1.746294960375 
846 878 -0.550962735964 
529 561 -0.759318019771 
566 598 0.221369710834 
470 471 -1.592647869478 
580 581 1.032120161564 
251 283 -1.960641344004 
25 26 -1.442136944549 
681 713 1.135693300489 
707 708 -1.696899913576 
614 646 -1.108848904810 
485 486 0.039431251745 
95 127 1.915751372214 
970 1002 0.752594105745 
595 596 0.361731896835 
656 688 1.961423232783 
289 290 1.219581695235 
129 161 -0.937595851742 
561 562 1.260580562071 
780 781 -1.677143741603 
692 724 -0.582394579942 
424 425 -0.809262406459 
276 308 0.049350750044 
305 306 -1.648966313187 
988 1020 1.623475985878 
934 935 0.399862760953 
819 820 -0.573518139830 
639 671 -1.342788364596 
923 924 -0.653710717737 
384 416 0.109021669918 
191 192 -0.676569961396 
231 263 1.657813453799 
566 567 -1.868299096296 
552 584 -0.905138323813 
877 909 1.506697300728 
782 783 1.152856479423 
127 159 -0.419450805171 
452 453 1.136079620594 
885 917 -0.775960043982 
821 853 0.446244512838 
740 772 -1.885932347048 
279 311 -1.543123872534 
134 135 0.569037960591 
229 261 -0.901093045708 
560 592 -1.615668537573 
71 72 -0.810355811322 
972 1004 0.620768348517 
629 630 -0.713411132146 
289 320 -0.728101919104 
240 241 1.503453786605 
107 139 -1.986545711746 
197 198 -1.603206293464 
938 970 -1.365296797202 
522 523 0.134233860921 
63 64 -0.532192723316 
827 828 1.007646123656 
344 345 -0.790522154700 
404 436 0.506411460242 
738 739 -1.018394977959 
849 881 1.991956519202 
539 540 -1.707804536186 
500 532 -1.833448477080 
135 167 -0.187068723762 
892 893 1.259296865770 
760 792 -0.604545775884 
954 955 0.335651967341 
3 4 -1.620221512590 
1020 1021 -1.779730287242 
661 693 1.001117038779 
55 56 -1.888317284286 
38 70 0.366548342652 
331 363 0.520100022626 
613 614 -0.674032481554 
10 42 1.266940453141 
35 36 1.307590300983 
311 312 0.549451032688 
482 514 -1.806538360208 
772 804 1.002883944159 
251 252 0.207233409606 
14 46 -0.120518320102 
181 182 0.866487244366 
120 121 0.475419588151 
468 469 -1.252694832659 
442 474 -1.171423327702 
26 27 -0.731460797419 
121 153 -1.094676641801 
868 900 0.744068337816 
164 165 -0.738608925906 
30 31 1.195597284135 
125 157 -1.810404640544 
490 522 0.847622800778 
906 938 1.449207958423 
938 939 -1.169380126334 
243 244 -1.691121092457 
63 95 -1.685134617684 
1004 1005 -0.905146539097 
434 466 -1.804951144703 
775 776 -1.907198215665 
290 291 1.913704309819 
169 170 -1.381712031379 
113 145 1.561606146965 
20 1012 -0.533814169197 
851 852 -0.977126068862 
616 617 -0.059568191623 
775 807 -1.716717409249 
659 660 0.143558851497 
208 209 -1.671447760560 
851 883 -0.171136332981 
363 364 1.811112247103 
47 79 0.705736668833 
980 981 -0.884757226538 
744 776 -0.260760162793 
672 704 1.292047644133 
258 290 1.624712644266 
948 980 -1.802471536909 
668 700 -0.517605109387 
706 707 1.135775393489 
731 763 1.084627291138 
269 270 -1.266682861357 
951 983 -0.453033873342 
16 48 1.867714786441 
988 989 -0.075624978734 
188 220 0.823018213715 
299 331 -1.690942962680 
285 317 0.241878429721 
879 911 -0.788684120654 
579 611 0.200068060452 
714 715 -0.900755694143 
33 65 0.549216075014 
719 720 -0.487466416155 
652 653 -0.679805444244 
320 352 1.444312480206 
142 174 -0.883752712565 
330 331 1.848040593767 
347 348 1.819423353425 
310 342 0.785085558032 
718 719 -1.683254700885 
260 261 -1.484919258153 
250 251 -0.178953625206 
717 718 0.923843655804 
323 324 -0.821302175210 
60 61 -0.365742402127 
727 728 -0.829716277605 
951 952 0.096108309948 
343 375 1.211523088883 
549 550 -1.660376039216 
165 197 -0.512793539577 
339 340 1.186733798258 
267 268 -0.799680364245 
400 432 1.972020444069 
966 998 0.304185505180 
242 243 1.801504016696 
975 976 -0.412768858306 
462 494 0.737448914809 
340 341 -1.563507984981 
151 183 0.707170597149 
570 602 1.009040977839 
498 530 1.596987851354 
262 263 1.655921252302 
505 537 1.027858613215 
48 49 -1.522010738445 
133 134 1.990392034005 
234 235 1.527366698256 
127 128 -1.401843288686 
990 1022 0.881111663219 
44 45 1.356313976127 
480 512 1.885110762250 
674 675 1.396227565833 
819 851 -0.667339279856 
327 359 -0.958459322506 
238 239 -0.728356637988 
924 925 1.063216424880 
296 328 0.690507552251 
974 975 1.536637930301 
725 726 1.178221563339 
119 120 0.009668910371 
356 388 0.058499862457 
325 357 1.286294955803 
472 504 -0.972100491106 
521 553 0.381914868557 
707 739 0.234721748742 
18 1010 0.713902794531 
670 702 -0.342049533776 
898 899 -0.795118743895 
865 897 -0.685378657381 
187 188 1.070210542164 
923 955 1.492307379671 
66 98 1.027891792133 
90 91 -1.325803675787 
744 745 -1.439793638223 
253 285 1.622078880217 
65 66 0.048306172920 
311 343 1.304165624665 
94 95 0.640172347878 
746 778 1.403739741051 
138 139 1.293873002492 
489 521 -1.867427392797 
179 180 -0.304877002274 
659 691 1.896128558298 
460 461 1.660621080350 
482 483 0.108531499511 
310 311 0.247475762333 
103 104 0.951430542456 
430 462 -0.258797910391 
821 822 1.364191807577 
270 271 1.847208555483 
998 999 0.476239306333 
237 269 -1.857826363854 
456 488 0.300368178549 
813 845 1.867549795961 
921 922 1.883081136486 
833 834 -0.071312345742 
171 172 1.704143306395 
446 447 0.836750401168 
833 865 0.529147656512 
329 330 -0.956464950343 
403 404 -1.365150747799 
559 591 1.103291650739 
811 812 0.003171710745 
546 578 -1.282293456752 
417 418 -0.040268093174 
953 954 -1.041122139978 
1 33 -0.443138112858 
918 950 0.558411639874 
187 219 -1.602214924495 
205 206 0.526011803557 
876 877 0.297978869726 
505 506 0.237951386804 
797 798 -0.923930879364 
697 729 1.614944255228 
1009 1010 0.478060017006 
421 453 0.593762229409 
252 284 -0.168888633205 
701 733 -0.290231486701 
440 472 0.997496357273 
177 209 -1.168215613654 
527 528 -0.519256673676 
179 211 -0.389492269518 
696 697 1.222804119426 
512 544 0.027172988274 
812 844 -0.998232406338 
497 498 -1.587113693950 
502 534 0.197337123858 
103 135 1.868924696767 
430 431 0.892501650057 
1008 1009 -0.034031480671 
686 687 0.274520725578 
705 736 0.533296911171 
303 304 1.433686760012 
712 713 -1.053247258205 
535 536 0.646591724667 
902 934 -1.156265798524 
848 849 -0.687837185051 
489 490 -0.935546731578 
367 399 0.713297191795 
993 994 0.999580750576 
450 451 -0.236402550960 
881 882 -1.426291254768 
475 507 1.132880779989 
634 666 0.802598190595 
478 479 -1.965496782239 
729 761 1.877299589795 
417 448 1.150860831482 
112 113 -0.092588631041 
284 316 0.148275825890 
789 790 1.734212081835 
832 864 -1.871280992901 
467 499 -1.557061054391 
588 589 -1.647941436864 
416 448 0.367840987487 
977 1009 -0.894138421723 
423 424 0.866836383239 
372 404 0.098944939627 
726 727 -0.835733927952 
644 645 1.623963189148 
827 859 -1.820433382610 
473 474 -1.852210551176 
963 964 -1.089645269201 
461 493 -1.415459956688 
459 491 -0.440362859824 
830 831 0.441173228875 
991 1023 1.504455315641 
367 368 -1.380359299637 
585 617 -1.102019215767 
415 416 0.714722427075 
291 323 1.337570886540 
354 386 -0.904479771876 
465 466 0.256073231886 
673 705 0.968431151190 
214 246 -1.348842727208 
112 144 1.416851720917 
589 621 1.229394921166 
889 890 0.061530585947 
552 553 1.160321492381 
449 450 -0.950221952624 
318 350 -0.953836788373 
884 885 0.622669361868 
259 260 -0.900255323028 
499 531 -1.004630457204 
564 565 -1.081916092208 
640 672 0.661300425790 
287 319 0.923557192491 
244 276 -0.410346612466 
641 642 -1.243974374375 
745 746 -1.622366770131 
981 982 1.149639776895 
814 815 -0.738972583249 
296 297 -0.778026569711 
263 295 -0.579692250383 
879 880 0.699348986464 
836 868 1.134445377899 
648 649 0.801337723635 
198 230 1.686629724727 
137 138 0.003915281109 
751 783 -1.000385405567 
240 272 0.447243422702 
65 97 0.814466604520 
212 244 -0.506823732993 
799 800 -0.600341862056 
141 142 -1.699924229462 
441 442 1.315092538825 
153 185 0.926594452596 
545 576 -1.661656510444 
4 996 1.184252513041 
427 459 -1.916208918240 
614 615 -1.304322767896 
157 189 0.607195634315 
553 585 -1.435281803190 
591 592 1.473292306388 
223 255 1.262707520717 
524 525 -0.061113698901 
340 372 1.902598272041 
433 434 -0.570544752453 
145 177 -1.272082303906 
182 214 0.031952941611 
662 663 -1.171628412298 
557 589 -1.321622134388 
122 123 0.393526963620 
641 672 1.144308404580 
383 384 -0.568584137367 
1015 1016 0.173694586762 
599 600 -1.711480072963 
196 228 0.161604723908 
215 247 -1.518588698032 
126 127 1.957183213392 
37 69 1.701613204154 
602 634 0.888286246749 
425 426 1.030354237153 
175 207 -0.242922197440 
971 972 1.023114713083 
114 115 0.895994243072 
635 667 0.598891009957 
301 302 0.184425163004 
1016 1017 1.150081009710 
894 895 -1.058166738523 
441 473 1.787159848768 
284 285 0.209341385217 
348 380 -1.914270992793 
5 6 0.235348891921 
317 349 -1.866301871073 
106 107 1.203168031351 
143 144 0.378550102750 
244 245 0.864430896014 
937 938 1.408522984197 
433 465 -1.850768349320 
52 84 -1.380719812679 
199 231 1.152120590011 
110 111 0.321215330515 
751 752 1.205086251678 
272 273 -0.556936383953 
139 171 1.034203270547 
582 583 0.990383313329 
815 847 0.011951860396 
463 495 1.711094881506 
606 638 -0.852701685485 
59 60 -1.835530200806 
332 364 -0.354658308020 
245 246 -0.246657187512 
378 410 0.099362827346 
226 258 1.558363618570 
865 896 0.945279566168 
228 229 1.612824097088 
1014 1015 0.962454764649 
76 77 -1.616788564068 
254 286 -1.723868743709 
183 215 0.738987812924 
298 330 -0.696673711589 
51 52 -1.733294682897 
798 830 0.766948546534 
379 380 1.108904511418 
370 402 1.079272535042 
278 310 0.500853640874 
342 343 0.361659797269 
584 585 1.939697161587 
958 990 -1.910135954634 
314 315 1.297345562346 
813 814 1.446667964039 
43 44 -1.804605908185 
388 420 0.588456861618 
958 959 1.664721577398 
946 947 0.463455323135 
229 230 -0.434174870302 
922 954 1.407584165879 
387 419 -1.298207401360 
139 140 -1.031099026629 
306 307 -0.518587568661 
59 91 -1.798279537692 
536 537 1.506531691098 
597 629 1.130165592315 
282 314 -0.395545247901 
448 480 -1.801062567540 
249 281 0.518553323217 
168 169 -1.786320365003 
101 133 -0.093629239317 
380 412 -1.541392731197 
381 382 -0.636414841434 
298 299 -0.492795963205 
51 83 -0.736380602232 
551 552 1.770517482792 
436 437 -0.757650910634 
274 306 0.130556610799 
620 652 -1.932891838980 
488 520 -0.092916951780 
893 925 1.896571853250 
25 1017 -1.775147007078 
656 657 1.382253308060 
23 55 -1.828984426160 
6 7 0.466718479721 
581 613 1.547168490521 
777 809 1.419280723757 
728 760 1.636734269530 
501 533 1.682349884288 
796 828 -0.807887317219 
689 690 -0.655861406868 
681 682 0.975429498412 
688 720 -0.658265596780 
735 736 0.021033536662 
820 852 -1.024125951960 
661 662 -1.232365959206 
277 309 1.543547108111 
816 848 -1.162692917544 
517 518 -0.521361571850 
601 633 -0.417605363939 
348 349 1.870927663036 
833 864 -1.605125188862 
829 861 0.172844986200 
69 70 -0.737089545101 
944 976 1.414576390117 
605 637 -0.789965283066 
9 1001 1.640599854803 
335 336 -0.383364939841 
88 89 -1.438939761480 
667 668 0.076346715879 
22 1014 0.627414463093 
7 39 -1.041367690720 
956 957 0.576652300510 
565 597 0.790416999751 
712 744 -0.265188340563 
365 366 -0.385042541554 
371 372 -0.758087742741 
806 838 -1.739039887268 
421 422 0.217263813693 
255 287 1.797536701133 
650 682 0.957686059440 
568 569 0.590986547333 
675 676 0.944663937365 
399 431 0.307314451670 
720 752 1.812538551858 
690 691 0.399725041670 
801 833 -0.779010336292 
123 124 1.577320685841 
53 54 0.000038561567 
186 218 -0.294873483219 
976 977 -1.938846028290 
36 37 -0.769210589244 
250 282 -1.761199369480 
6 998 -0.729910207177 
765 766 -0.917485728514 
980 1012 1.584114416627 
568 600 1.188638999869 
241 273 -1.896669950060 
115 116 1.487422990965 
831 863 -1.181501775676 
178 210 -1.559463079012 
494 526 -0.221724914341 
753 754 1.276657731754 
1 993 -1.765198681632 
742 743 0.418812458316 
366 398 -0.479545179800 
630 631 -1.722217078018 
950 951 -0.864836932413 
852 853 0.504091334426 
47 48 0.273580012339 
388 389 -0.041791756661 
107 108 -1.747780959735 
454 455 1.524754470284 
664 696 1.888491453673 
9 10 0.303034782320 
31 1023 -0.634316807872 
130 162 0.310263784829 
652 684 -1.441700627154 
13 14 -0.306399583228 
397 429 1.513777513296 
474 506 0.572361175745 
486 487 0.189881977284 
25 57 -1.293981541290 
360 361 1.897983858846 
901 902 0.718343087648 
785 786 0.488595171563 
350 382 1.050837362005 
887 919 0.664954894139 
29 61 -0.491242961333 
376 408 1.110572191878 
970 971 -0.144610434223 
595 627 0.745135794325 
280 281 1.781985777782 
64 96 0.154686708294 
17 49 0.079870717566 
91 92 -0.304259455056 
54 86 0.099087650800 
846 847 1.560017552847 
784 785 0.746816068621 
913 914 1.379983583552 
648 680 0.933212133185 
79 111 0.765826512399 
769 800 -0.468776225403 
831 832 -0.078523055343 
700 701 0.519289739643 
68 100 0.880443168907 
87 119 -0.949662482856 
733 734 1.131208067611 
607 639 0.447216432316 
458 490 -0.404181798928 
786 787 0.656881420982 
543 544 0.104524777000 
547 579 0.168135460031 
235 236 -0.245952641955 
144 176 -1.928778807522 
134 166 -1.961288173092 
721 722 1.597611755847 
847 879 1.319165006783 
334 366 1.746442068887 
763 795 0.777604417670 
532 533 1.340234259867 
213 245 -1.679273550591 
321 322 -1.480651431202 
476 508 -1.766787964315 
422 423 -1.335125376939 
515 516 0.931542026226 
383 415 1.327525704959 
684 685 0.977421754774 
679 680 0.361227080526 
71 103 0.011095606803 
54 55 1.730116888411 
304 305 -0.517817461235 
903 935 0.783225541959 
40 72 1.650914259498 
328 329 0.145360033415 
21 1013 -0.968637466247 
523 524 1.746125732925 
228 260 -0.029401509813 
197 229 -0.028333511215 
963 995 -0.851783489189 
432 464 -1.999790976244 
124 156 1.737309009944 
514 515 -1.587816936921 
955 956 -0.545553491224 
460 492 1.588451399298 
539 571 -0.633038643922 
117 118 -1.023591418575 
730 731 -0.683827193444 
993 1024 1.514351848574 
100 101 -1.255715454519 
834 835 1.810772084843 
55 87 0.950371272052 
734 735 -0.671907074362 
426 458 -0.967656122278 
10 11 1.826793994526 
233 265 -0.811848414794 
451 452 -0.714619215839 
787 819 0.890578441326 
571 572 -1.150587028936 
204 205 -1.305770183134 
76 108 0.851156452057 
226 227 1.847480038647 
283 284 -0.149219424063 
14 15 0.073269886581 
109 141 -1.290736880281 
442 443 1.552564069366 
496 528 -1.372957691094 
771 772 -1.426001489636 
508 509 -1.822097087808 
910 942 -1.070412068233 
939 940 -0.436823768687 
742 774 -1.436233666871 
101 102 -0.682650591441 
890 922 -1.547868300190 
73 74 -0.499364080039 
239 240 0.242313849496 
910 911 0.844002921678 
434 435 1.745368099109 
955 987 -1.895203869537 
77 78 -0.120302261895 
172 173 1.894760287696 
410 442 -0.983312744126 
873 905 -0.427028523870 
349 350 -0.207741464123 
540 541 1.184422663761 
261 293 1.426319456169 
604 636 -0.813282240900 
509 510 0.862619109554 
312 344 1.243792374424 
426 427 -0.273432024122 
767 799 -0.034751745910 
492 493 -0.350454331221 
402 434 1.938235489901 
561 593 0.395057358464 
118 150 0.703461942929 
807 808 1.893730896516 
949 981 0.208460715795 
961 992 0.742713389523 
68 69 -0.177805175919 
663 664 -1.123224455643 
752 784 0.151797656792 
600 632 -1.787156037026 
29 30 0.569915014403 
719 751 -0.784025112469 
478 510 -0.589203480426 
322 323 -1.234209847428 
711 712 1.123855385787 
660 692 1.135406362897 
347 379 1.415070952018 
533 534 -0.260578542241 
149 181 -0.083469393603 
528 560 0.739422170509 
161 192 1.093493566580 
476 477 -0.717139740479 
401 402 1.074024596170 
156 188 -1.396733265280 
554 586 1.448066204759 
888 889 -0.283901636374 
207 208 1.701939054770 
793 825 1.058382310965 
211 243 -0.960052129878 
1019 1020 1.580192390994 
396 397 0.563903665022 
288 320 -0.150121115065 
842 843 -0.933284058500 
167 168 0.929117064716 
116 148 -1.993605820659 
462 463 0.712720354954 
18 19 0.077713350613 
584 616 0.639193354088 
570 571 1.206699934501 
597 598 1.085404882930 
67 68 -1.655746525563 
587 588 -1.399870226880 
644 676 1.426224265278 
203 235 0.484563667483 
477 478 -0.017015276122 
133 165 0.785650073947 
713 745 0.132784752100 
159 160 0.888431075189 
163 195 1.275559493663 
11 12 -1.493097789050 
592 624 -0.041204113892 
710 742 0.687324023691 
929 961 0.383084514001 
86 118 1.584632482225 
84 85 -0.161093503261 
717 749 -1.516296230509 
538 570 -1.665001039757 
192 224 -0.859274958405 
666 667 1.703676595367 
774 775 -0.159015584985 
791 823 -0.208815453943 
859 891 1.375008590031 
62 94 0.450696388077 
670 671 0.801589773893 
554 555 1.959437817727 
131 132 -0.912074046674 
959 991 -1.593952365210 
219 220 1.994581653869 
248 249 -0.658102886532 
50 82 0.299963837168 
162 163 -1.423162373459 
804 805 -0.837734211869 
854 855 -1.565378821621 
904 905 -1.353278971445 
395 396 -1.659537349906 
70 102 -0.613449372225 
239 271 1.325905448866 
792 824 -0.596034267033 
905 906 0.472684850004 
265 297 0.646326871672 
190 222 -1.391794934546 
386 387 1.505308041684 
481 513 0.314976354714 
524 556 -1.968114819348 
331 332 1.755020082466 
411 443 -0.589053748718 
185 186 1.434265706567 
773 774 -1.839398422835 
921 953 -1.257304188001 
611 643 0.536421762275 
604 605 1.105387544557 
770 771 0.686194799599 
957 989 -0.131305864828 
959 960 -1.497721197539 
171 203 -1.526055466449 
189 190 1.957478732365 
883 915 0.835224799045 
577 609 -0.310053461670 
403 435 -0.758419360841 
408 409 1.708345726064 
177 178 1.010671497663 
236 268 0.630649529768 
551 583 -0.257099430345 
918 919 0.124279811871 
685 717 1.383750267473 
776 808 0.335860790056 
683 684 0.373797134654 
890 891 -1.806794181524 
373 374 -0.674725744754 
60 92 -0.034424435384 
897 928 -0.964226257490 
855 856 1.518901053997 
964 996 -0.100403559871 
843 844 1.493256835426 
297 298 -1.411817096580 
527 559 -0.241845737637 
439 440 1.030091495977 
290 322 1.562864903596 
422 454 1.167833096655 
593 594 0.389649199517 
346 347 -1.710682259451 
519 520 1.315348637817 
406 438 -1.343720071606 
891 923 1.222171683142 
173 174 0.545649542882 
628 629 0.170087659761 
715 747 -1.888404588014 
658 690 -0.558058280278 
254 255 -0.248209901619 
313 345 -1.279845879734 
943 944 0.732882945149 
156 157 1.002061226534 
769 770 0.854831459907 
933 965 -1.392380598277 
189 221 1.480421909280 
618 650 0.569061382577 
874 875 -1.944136397662 
817 849 -1.939411523387 
15 16 -1.541202063224 
116 117 0.472050483217 
352 384 1.104256300684 
556 588 0.799287042517 
305 337 0.184029896606 
622 654 -1.167127290516 
329 361 1.728985425645 
211 212 1.008093417177 
200 201 1.849120677316 
407 408 0.557991132259 
390 422 -0.661419499118 
11 43 1.100852271007 
710 711 -0.233250780520 
899 931 -0.157772430082 
344 376 1.036210581574 
649 681 -1.393794380393 
829 830 -1.965097301854 
817 818 0.575718762881 
809 810 -0.175884758498 
227 259 0.471291065111 
837 838 -0.875378667180 
886 887 -1.285417551131 
653 685 0.624365505272 
122 154 -0.494281111321 
809 841 -0.889983141998 
222 223 0.328063198806 
473 505 -0.734900585092 
996 997 -1.556819014764 
373 405 -0.747107096285 
818 819 0.054257785886 
126 158 -1.311608495051 
897 929 -0.153732314478 
415 447 -1.518601062079 
148 149 1.710159755559 
114 146 1.452018418475 
465 497 -0.717971231220 
302 334 1.426243562580 
214 215 -0.599574511460 
776 777 0.198649819578 
328 360 -1.796021250150 
537 538 -1.401194260328 
341 373 -1.611834981894 
940 941 1.915906133508 
318 319 -0.022549197844 
735 767 -1.031146363482 
586 618 -1.334439947165 
457 489 0.489272397221 
611 612 -1.638844381686 
259 291 0.406182348553 
919 920 0.730358583606 
674 706 1.484049792279 
33 34 0.522561387322 
641 673 1.163473084590 
590 622 -1.383530090433 
333 365 1.140028372019 
377 378 -0.391345788018 
40 41 1.721161565250 
985 986 0.120265498400 
989 990 -1.861874096240 
977 978 -1.825926142203 
210 211 -1.845727048444 
286 318 0.073654941399 
678 679 1.824047807362 
997 998 -0.382410331902 
985 1017 -0.075392916336 
999 1000 0.960800865468 
308 309 -0.483331177170 
128 160 1.627741401744 
694 726 -0.408267984870 
369 370 -1.085182340348 
777 778 -1.323052106552 
695 696 -0.626787269267 
743 775 1.115161543441 
302 303 1.980036831343 
808 809 1.714844784669 
964 965 0.744572056363 
437 469 0.512799602141 
420 452 0.245471289312 
646 647 1.745924313013 
741 773 -0.384589943341 
361 362 -1.817901948416 
591 623 1.883649097439 
578 610 1.779804818275 
892 924 0.866818779701 
805 837 -0.923190027970 
153 154 -0.477010813198 
583 584 -1.667456944565 
532 564 0.540078381837 
21 53 0.713060548588 
125 126 -0.384783300131 
857 889 -0.410696161596 
33 64 0.883338979818 
752 753 -0.479345705022 
619 651 0.413308263128 
358 359 0.311390138856 
160 192 0.463601246329 
425 457 -1.330878906872 
79 80 -1.438020720721 
856 857 -0.288628842439 
84 116 0.632815338423 
893 894 0.491812380093 
301 333 1.278651667930 
45 77 1.061173815546 
345 346 -1.716672093512 
749 750 -1.578750497650 
895 896 -1.318039670382 
636 637 -0.678951951742 
