Subject: forwarded message from Spinglass@informatik.Uni-Koeln.DE
Date: Wed, 6 Feb 2002 16:21:56 +0100
From: "Roman Martonak (CSCS)" <martonak@cscs.ch>
To: Giuseppe Santoro <santoro@sissa.it>

Subject: Job '80x80_1' done
Date: Wed, 6 Jun 2001 10:26:05 +0200 (MET DST)
From: Spinglass@informatik.Uni-Koeln.DE
To: martonak@sissa.it

The Spin Glass Server (SGS) completed your job:

                    Name: 80x80_1
                    Type: gauss
                    Size: 80
         internal job-ID: 71263
                    Date: Wed Jun  6 10:25:59 MET 2001

on:
                Computer: Sun Ultra 10/440
             SGS version: Version 1.3 (Jan 2000)

result:
       Energy (per spin): -1.58051667679
Magnetization (per spin): 0.00500000000000
CPU-Time (min:sec.1/100): 9:55.54

Here comes an optimal spin configuration:
Warning: Cplex required 1 phase I iterations
Warning: Cplex required 1 phase I iterations
Warning: Cplex required 1 phase I iterations

   total number of spins: 6400
                spins up: 3184

CONFIGURATION_BEGIN
1 2 3 4 5 7 9 10 11 12 14 15 16 17 18 19 22 27 28 32 37 40 44 45 46 47
48 49 53 54 55 56 58 62 64 65 66 67 69 71 72 74 75 76 81 83 86 91 92 93
94 96 98 101 103 106 109 111 112 113 117 119 120 121 129 131 134 137 139
141 143 144 145 146 152 153 154 155 156 158 161 164 166 169 170 173 175
176 179 182 184 187 188 189 190 192 193 196 198 199 201 203 204 205 206
207 208 209 210 214 215 221 226 228 229 231 232 235 236 239 244 245 247
248 254 258 260 266 268 269 270 272 273 275 277 278 281 283 289 291 295
297 299 300 301 302 303 304 305 307 308 311 314 317 318 320 321 323 325
326 328 329 331 332 335 341 342 343 345 347 348 350 352 353 354 355 358
360 361 363 364 365 367 369 373 379 381 382 386 387 388 390 397 399 402
403 404 405 408 411 412 414 416 418 419 420 421 423 424 425 426 427 430
431 432 434 435 436 438 439 441 443 444 445 446 447 454 457 460 461 462
463 464 465 470 472 473 475 478 479 480 481 484 486 487 491 492 495 497
500 501 508 509 511 512 514 517 518 519 520 522 524 525 529 533 541 542
543 545 546 547 548 549 553 558 561 565 569 571 572 575 576 578 579 582
584 587 588 589 595 597 598 599 600 603 605 607 608 609 613 615 616 618
619 621 623 625 627 630 631 633 634 637 638 640 642 645 648 649 650 651
652 655 656 657 658 660 661 662 663 664 665 667 669 671 676 678 679 680
681 685 687 689 692 693 694 699 700 702 704 706 707 708 710 711 712 713
716 725 726 727 730 731 733 737 740 742 743 750 752 754 755 756 757 759
761 765 766 768 770 771 773 775 778 780 782 783 784 787 789 792 795 798
800 803 804 813 816 818 820 824 826 827 828 830 832 833 835 837 841 843
844 845 849 850 858 861 862 864 866 869 870 872 873 875 876 877 878 880
881 884 885 886 887 889 890 897 898 900 901 903 905 907 908 911 912 913
914 915 925 926 929 930 932 936 938 940 942 945 946 947 951 952 955 956
957 959 960 961 963 967 968 969 971 973 977 981 982 985 991 992 994 997
999 1003 1008 1009 1013 1014 1017 1019 1020 1021 1024 1025 1026 1030 1032
1033 1036 1037 1039 1040 1041 1042 1043 1045 1048 1049 1050 1056 1057
1058 1060 1061 1063 1064 1065 1068 1071 1076 1077 1078 1081 1082 1083
1084 1085 1087 1089 1090 1091 1093 1095 1096 1102 1103 1108 1110 1112
1114 1118 1121 1125 1127 1130 1131 1137 1139 1141 1142 1143 1145 1147
1149 1150 1154 1155 1156 1158 1159 1161 1163 1164 1165 1171 1172 1175
1177 1179 1180 1182 1183 1184 1188 1194 1197 1198 1199 1200 1201 1203
1205 1208 1210 1213 1219 1224 1225 1226 1232 1236 1237 1239 1240 1244
1246 1248 1249 1250 1254 1256 1257 1260 1263 1266 1270 1271 1272 1275
1278 1281 1284 1285 1287 1289 1291 1292 1294 1297 1300 1302 1303 1304
1306 1307 1309 1313 1314 1315 1316 1320 1322 1324 1325 1327 1328 1329
1331 1338 1339 1341 1345 1348 1352 1353 1355 1359 1360 1363 1364 1367
1370 1372 1374 1376 1378 1380 1381 1383 1384 1385 1386 1387 1392 1394
1397 1398 1399 1400 1405 1406 1407 1408 1410 1411 1413 1416 1417 1419
1420 1421 1422 1425 1426 1428 1430 1434 1440 1442 1446 1447 1448 1450
1451 1452 1454 1456 1457 1460 1461 1464 1465 1466 1468 1469 1471 1472
1473 1475 1476 1479 1482 1483 1488 1492 1495 1496 1498 1499 1502 1503
1506 1507 1508 1509 1510 1512 1513 1514 1516 1517 1518 1520 1523 1524
1525 1526 1527 1528 1529 1530 1531 1532 1533 1535 1540 1542 1543 1547
1550 1555 1557 1559 1560 1563 1566 1567 1568 1569 1570 1571 1572 1574
1578 1580 1582 1583 1584 1585 1588 1589 1591 1592 1593 1594 1596 1598
1599 1600 1605 1606 1607 1609 1611 1612 1614 1619 1623 1625 1630 1631
1633 1636 1637 1638 1640 1644 1646 1649 1650 1651 1653 1654 1660 1661
1662 1663 1664 1665 1666 1669 1671 1673 1677 1678 1680 1682 1683 1685
1688 1689 1691 1693 1695 1697 1700 1701 1702 1703 1705 1711 1712 1714
1718 1719 1722 1723 1729 1730 1732 1733 1734 1735 1737 1739 1741 1742
1744 1745 1746 1747 1748 1751 1755 1756 1759 1761 1762 1763 1764 1765
1766 1770 1771 1772 1773 1777 1780 1781 1783 1785 1786 1787 1788 1790
1791 1795 1798 1799 1802 1805 1806 1808 1813 1814 1815 1818 1822 1825
1826 1828 1830 1831 1832 1833 1834 1836 1838 1840 1842 1843 1845 1848
1849 1851 1853 1854 1856 1857 1858 1859 1861 1864 1865 1866 1867 1868
1869 1871 1873 1874 1875 1877 1878 1879 1883 1885 1886 1887 1889 1890
1892 1894 1895 1897 1898 1901 1902 1903 1907 1910 1920 1923 1927 1928
1929 1930 1932 1933 1935 1936 1938 1940 1942 1943 1944 1946 1948 1949
1953 1956 1957 1958 1959 1962 1964 1966 1968 1969 1970 1971 1972 1973
1979 1981 1982 1984 1985 1988 1990 1992 1995 1996 1998 1999 2000 2001
2002 2004 2005 2006 2010 2012 2014 2015 2016 2018 2021 2026 2028 2029
2032 2035 2037 2041 2043 2047 2050 2059 2062 2067 2069 2072 2075 2076
2077 2079 2081 2085 2087 2089 2090 2092 2093 2094 2095 2100 2101 2103
2106 2107 2109 2110 2112 2116 2119 2121 2123 2125 2126 2127 2133 2135
2136 2137 2141 2145 2146 2148 2151 2153 2158 2159 2160 2164 2165 2169
2170 2171 2173 2174 2175 2177 2178 2181 2186 2187 2188 2189 2190 2191
2192 2194 2195 2196 2198 2199 2200 2201 2203 2204 2208 2210 2212 2213
2214 2220 2223 2224 2225 2226 2227 2228 2229 2230 2231 2233 2236 2238
2244 2245 2246 2250 2251 2254 2255 2256 2258 2260 2262 2264 2265 2268
2269 2271 2275 2276 2280 2281 2284 2288 2290 2291 2295 2297 2298 2300
2301 2302 2305 2306 2307 2308 2314 2316 2320 2321 2323 2325 2326 2327
2328 2329 2330 2331 2332 2333 2334 2335 2336 2338 2340 2341 2344 2346
2348 2350 2351 2354 2356 2358 2359 2360 2364 2366 2367 2368 2371 2372
2373 2374 2377 2381 2384 2389 2390 2394 2398 2400 2401 2403 2406 2409
2414 2415 2416 2418 2419 2421 2424 2427 2428 2431 2433 2438 2440 2441
2442 2444 2448 2449 2450 2451 2455 2458 2460 2461 2462 2464 2465 2469
2471 2472 2473 2474 2480 2481 2482 2483 2490 2491 2492 2494 2497 2501
2504 2505 2507 2509 2510 2512 2514 2515 2516 2517 2518 2519 2523 2524
2526 2527 2529 2530 2532 2534 2536 2537 2552 2553 2554 2557 2559 2560
2561 2565 2566 2571 2572 2573 2578 2582 2584 2586 2588 2591 2595 2596
2600 2602 2603 2604 2606 2609 2612 2613 2616 2617 2618 2619 2620 2621
2622 2623 2625 2626 2627 2630 2636 2637 2638 2639 2640 2644 2646 2647
2648 2649 2650 2651 2653 2654 2656 2657 2659 2660 2661 2673 2678 2683
2684 2685 2686 2687 2688 2689 2693 2695 2696 2699 2701 2702 2703 2704
2705 2706 2708 2710 2711 2715 2716 2717 2726 2727 2729 2730 2736 2738
2739 2741 2744 2746 2748 2750 2751 2752 2755 2759 2760 2762 2765 2766
2768 2770 2775 2776 2779 2781 2784 2786 2787 2788 2790 2791 2792 2795
2796 2800 2801 2802 2803 2808 2810 2811 2813 2814 2815 2818 2819 2820
2823 2824 2825 2829 2832 2841 2844 2847 2849 2852 2853 2855 2856 2858
2859 2860 2862 2864 2865 2866 2867 2868 2869 2870 2873 2875 2878 2879
2882 2890 2892 2893 2897 2898 2899 2900 2903 2908 2912 2914 2917 2918
2920 2922 2923 2925 2926 2927 2929 2932 2933 2934 2936 2937 2938 2939
2943 2946 2947 2948 2949 2955 2956 2957 2961 2962 2964 2965 2967 2969
2971 2972 2973 2974 2975 2976 2977 2978 2981 2985 2988 2989 2990 2993
2994 2996 2997 2998 2999 3000 3002 3003 3010 3013 3014 3015 3017 3018
3019 3020 3022 3023 3024 3025 3028 3034 3036 3038 3039 3041 3043 3044
3045 3047 3049 3051 3052 3054 3055 3057 3058 3064 3066 3068 3069 3070
3071 3072 3073 3074 3075 3076 3081 3083 3086 3087 3088 3095 3096 3099
3100 3104 3105 3106 3108 3109 3112 3116 3117 3118 3119 3120 3121 3122
3125 3128 3129 3131 3132 3133 3135 3136 3139 3141 3145 3147 3151 3152
3153 3154 3155 3158 3163 3165 3167 3168 3171 3172 3174 3177 3178 3179
3183 3184 3185 3189 3190 3192 3196 3197 3198 3199 3201 3202 3203 3204
3205 3206 3208 3210 3212 3214 3215 3217 3218 3219 3220 3221 3222 3226
3228 3230 3231 3232 3233 3235 3236 3240 3241 3244 3246 3247 3248 3249
3250 3251 3252 3253 3255 3256 3257 3261 3265 3268 3269 3270 3275 3276
3279 3281 3282 3283 3286 3292 3293 3294 3295 3296 3297 3299 3301 3302
3303 3307 3310 3312 3314 3318 3319 3320 3322 3323 3325 3326 3329 3333
3334 3336 3337 3341 3342 3344 3346 3347 3348 3349 3350 3355 3357 3358
3359 3360 3362 3363 3364 3365 3367 3369 3370 3371 3372 3377 3379 3380
3381 3382 3386 3388 3391 3392 3395 3398 3400 3402 3403 3404 3405 3406
3407 3408 3409 3412 3413 3414 3416 3418 3421 3422 3423 3424 3427 3428
3429 3431 3432 3435 3436 3437 3438 3439 3442 3443 3444 3448 3449 3450
3451 3452 3453 3454 3455 3456 3457 3458 3460 3461 3462 3464 3465 3467
3468 3469 3470 3472 3474 3475 3478 3481 3483 3485 3486 3493 3495 3496
3497 3498 3499 3500 3502 3503 3504 3505 3509 3511 3512 3514 3515 3517
3522 3523 3529 3530 3531 3534 3535 3538 3541 3547 3549 3550 3551 3553
3554 3559 3560 3564 3565 3567 3568 3569 3573 3574 3576 3577 3578 3579
3580 3581 3582 3584 3587 3590 3594 3595 3599 3600 3603 3604 3605 3606
3607 3608 3611 3616 3617 3618 3620 3621 3622 3624 3625 3629 3631 3632
3635 3644 3646 3647 3648 3649 3650 3652 3653 3654 3655 3656 3658 3659
3661 3662 3666 3668 3669 3670 3672 3673 3674 3675 3677 3678 3679 3683
3684 3687 3688 3690 3692 3693 3694 3695 3696 3697 3698 3700 3704 3705
3706 3707 3712 3713 3718 3721 3722 3723 3726 3729 3731 3736 3737 3738
3739 3740 3742 3745 3747 3748 3749 3753 3754 3756 3758 3759 3760 3761
3762 3765 3769 3770 3771 3773 3774 3775 3776 3783 3785 3786 3792 3795
3798 3801 3807 3808 3810 3811 3813 3815 3816 3820 3823 3826 3827 3829
3831 3832 3833 3836 3837 3840 3841 3842 3843 3844 3845 3846 3850 3851
3852 3853 3855 3859 3860 3862 3864 3866 3868 3871 3872 3873 3876 3877
3882 3883 3885 3887 3888 3890 3892 3893 3894 3895 3896 3899 3900 3902
3903 3904 3906 3907 3911 3913 3914 3915 3918 3920 3921 3923 3924 3925
3926 3927 3928 3932 3934 3935 3936 3937 3938 3941 3943 3945 3948 3950
3951 3957 3958 3960 3961 3962 3963 3968 3970 3971 3972 3973 3975 3978
3979 3980 3981 3983 3984 3985 3986 3987 3989 3990 3994 3995 3996 4000
4001 4006 4007 4008 4010 4012 4013 4014 4016 4018 4020 4022 4025 4027
4028 4030 4033 4035 4039 4040 4044 4049 4051 4053 4055 4056 4057 4058
4064 4065 4067 4068 4069 4070 4071 4072 4073 4075 4076 4079 4083 4087
4088 4089 4094 4095 4096 4097 4099 4101 4107 4108 4109 4113 4114 4119
4122 4128 4129 4133 4137 4140 4141 4142 4144 4145 4147 4148 4151 4153
4155 4156 4160 4161 4162 4166 4169 4173 4175 4176 4178 4179 4182 4184
4185 4190 4191 4192 4193 4194 4197 4198 4199 4200 4201 4209 4212 4213
4214 4215 4217 4219 4223 4224 4225 4231 4232 4234 4238 4239 4240 4242
4245 4246 4247 4248 4249 4251 4252 4253 4255 4260 4262 4263 4266 4267
4268 4269 4273 4274 4275 4276 4278 4279 4280 4281 4282 4283 4288 4289
4291 4296 4297 4299 4304 4308 4309 4310 4312 4313 4315 4318 4321 4322
4323 4331 4334 4339 4344 4348 4351 4352 4353 4354 4355 4357 4358 4360
4363 4365 4366 4368 4369 4370 4372 4374 4375 4377 4378 4382 4384 4385
4386 4387 4388 4390 4391 4392 4395 4397 4399 4401 4402 4403 4408 4415
4417 4424 4427 4428 4429 4431 4436 4437 4440 4442 4445 4446 4451 4453
4455 4458 4459 4461 4464 4466 4469 4470 4472 4473 4474 4475 4479 4480
4484 4485 4486 4487 4489 4490 4492 4493 4495 4498 4500 4502 4508 4511
4512 4514 4515 4516 4518 4520 4522 4523 4524 4525 4526 4527 4529 4531
4535 4539 4541 4542 4544 4545 4551 4555 4556 4557 4558 4561 4562 4564
4565 4566 4567 4570 4571 4572 4573 4574 4575 4577 4579 4586 4587 4589
4592 4593 4594 4596 4599 4601 4602 4603 4604 4605 4606 4607 4608 4609
4610 4613 4614 4615 4616 4617 4619 4622 4624 4626 4627 4629 4630 4631
4632 4634 4635 4637 4642 4645 4648 4649 4650 4651 4655 4659 4662 4665
4666 4667 4673 4674 4675 4676 4678 4685 4687 4692 4693 4694 4698 4699
4701 4703 4704 4706 4707 4708 4710 4711 4712 4715 4716 4718 4722 4725
4729 4732 4733 4736 4739 4740 4742 4743 4745 4746 4748 4752 4753 4756
4757 4758 4759 4761 4762 4763 4764 4765 4768 4775 4776 4777 4779 4780
4781 4783 4785 4788 4791 4792 4794 4797 4801 4802 4804 4805 4806 4808
4814 4815 4817 4820 4821 4824 4826 4828 4830 4831 4835 4836 4838 4839
4840 4841 4843 4844 4846 4848 4855 4856 4857 4858 4863 4864 4865 4867
4868 4871 4873 4874 4876 4878 4879 4885 4886 4890 4893 4894 4895 4896
4898 4899 4900 4902 4903 4905 4908 4910 4921 4923 4929 4932 4934 4937
4941 4943 4948 4952 4955 4956 4959 4960 4962 4963 4965 4966 4967 4968
4970 4976 4978 4984 4985 4987 4989 4991 4992 5001 5002 5004 5006 5010
5012 5013 5014 5016 5017 5019 5020 5021 5022 5025 5028 5030 5031 5034
5039 5040 5041 5044 5046 5047 5049 5050 5051 5056 5059 5061 5062 5065
5069 5074 5080 5081 5082 5083 5084 5085 5086 5087 5088 5092 5095 5096
5097 5099 5101 5103 5106 5107 5108 5111 5114 5115 5118 5120 5121 5122
5125 5126 5127 5128 5130 5133 5136 5137 5138 5139 5143 5147 5150 5151
5153 5155 5157 5159 5161 5162 5163 5166 5172 5173 5174 5175 5179 5180
5182 5185 5192 5193 5194 5195 5196 5197 5198 5199 5200 5203 5206 5207
5209 5210 5211 5215 5216 5218 5220 5221 5222 5223 5225 5226 5227 5229
5232 5234 5236 5240 5242 5243 5245 5246 5250 5252 5259 5260 5261 5262
5264 5265 5267 5268 5269 5270 5271 5272 5273 5275 5277 5279 5280 5281
5282 5283 5284 5288 5291 5294 5295 5296 5300 5301 5302 5305 5307 5308
5311 5313 5314 5315 5316 5317 5318 5320 5321 5322 5324 5327 5328 5331
5332 5336 5342 5343 5346 5347 5348 5350 5351 5352 5353 5355 5358 5359
5360 5361 5362 5363 5364 5366 5369 5370 5372 5374 5376 5378 5379 5383
5384 5388 5389 5391 5392 5395 5398 5399 5405 5407 5408 5409 5410 5414
5419 5420 5421 5423 5424 5428 5429 5430 5431 5432 5433 5434 5435 5439
5440 5442 5443 5444 5448 5449 5452 5455 5456 5458 5463 5464 5465 5466
5467 5468 5475 5476 5478 5480 5481 5483 5484 5486 5490 5492 5493 5495
5496 5498 5499 5501 5505 5508 5511 5513 5516 5517 5518 5519 5524 5525
5528 5531 5536 5537 5538 5540 5541 5543 5544 5547 5550 5552 5553 5555
5556 5559 5562 5563 5566 5567 5568 5569 5570 5571 5574 5575 5576 5577
5578 5579 5580 5581 5582 5584 5585 5591 5593 5599 5601 5602 5605 5608
5609 5610 5611 5612 5615 5617 5618 5619 5622 5625 5629 5631 5633 5635
5636 5638 5640 5643 5644 5647 5648 5649 5650 5656 5661 5664 5665 5666
5668 5671 5674 5677 5679 5680 5683 5685 5687 5691 5693 5697 5698 5699
5701 5706 5707 5708 5710 5711 5713 5717 5720 5721 5724 5726 5734 5737
5738 5739 5740 5742 5743 5746 5752 5753 5754 5759 5760 5763 5764 5765
5766 5767 5768 5769 5770 5771 5772 5774 5775 5781 5782 5785 5787 5788
5789 5793 5795 5800 5801 5803 5804 5805 5808 5814 5819 5821 5824 5825
5828 5829 5830 5831 5834 5835 5838 5839 5841 5842 5843 5844 5845 5846
5848 5850 5851 5853 5858 5860 5863 5865 5866 5867 5871 5872 5875 5877
5878 5881 5890 5891 5893 5894 5895 5896 5897 5899 5902 5903 5905 5908
5911 5912 5914 5917 5918 5920 5926 5932 5933 5935 5938 5939 5941 5942
5945 5949 5950 5955 5956 5960 5961 5962 5963 5965 5966 5967 5970 5971
5972 5973 5974 5975 5978 5981 5982 5984 5985 5986 5989 5991 5994 5996
6000 6002 6005 6006 6008 6010 6011 6012 6014 6016 6018 6020 6023 6030
6031 6032 6034 6035 6037 6038 6040 6041 6042 6043 6044 6046 6047 6050
6056 6058 6060 6062 6066 6067 6069 6070 6073 6076 6077 6079 6081 6082
6083 6084 6085 6086 6087 6088 6089 6091 6094 6096 6097 6099 6100 6101
6102 6103 6105 6106 6109 6110 6112 6114 6115 6116 6117 6119 6120 6121
6123 6125 6127 6128 6129 6130 6133 6134 6135 6136 6139 6140 6143 6144
6147 6153 6154 6158 6159 6162 6163 6164 6168 6169 6170 6171 6172 6174
6176 6177 6180 6181 6182 6184 6185 6186 6191 6192 6196 6198 6202 6203
6205 6206 6211 6213 6215 6216 6217 6218 6219 6220 6221 6224 6227 6229
6231 6232 6233 6235 6236 6238 6241 6248 6250 6252 6255 6256 6257 6258
6260 6261 6262 6265 6267 6270 6272 6273 6274 6275 6281 6285 6287 6289
6290 6292 6294 6296 6297 6298 6300 6301 6302 6304 6306 6311 6312 6314
6315 6320 6322 6325 6328 6329 6330 6331 6332 6334 6337 6338 6341 6345
6348 6349 6350 6352 6354 6356 6358 6359 6360 6363 6364 6365 6368 6369
6375 6377 6379 6380 6383 6386 6387 6389 6390 6395 6396 6397
CONFIGURATION_END
